585
599
613
627
641
655
669
683
697
711
725
739
753
767
781
795
809
823
837
851
865
879
893
907
921
935
949
963
977
991
1005
1019
1033
1047
1061
1075
1089
1103
1117
1131
1145
1148
1739
1753
1767
1781
1795
1809
1823
1837
1851
1865
1879
1893
1907
1921
1935
1949
1963
1977
1991
2005
2019
2033
2047
2061
2075
2089
2103
2117
2131
2145
2159
2173
2187
2201
2215
2229
2243
2257
2271
2285
2299
2302
2316
2330
2344
2358
2372
2386
2400
2414
2428
2442
2456
2470
2484
2498
2512
2526
2540
2554
2568
2582
2596
2610
2624
2638
2652
2666
2680
2694
2708
2722
2736
2750
2764
2778
2792
2806
2809
3342
3356
3370
3384
3398
3412
3426
3440
3454
3468
3482
3496
3510
3524
3538
3552
3566
3580
3594
3608
3622
3636
3650
3664
3678
3692
3706
3720
3734
3748
3762
3776
3790
3804
3818
3832
3835
