53941,55920,
-2418.8687,39958.781,0.06928984625732
-2411.1885,39802.781,0.069097493651313
-2403.5384,39646.781,0.068905162561861
-2395.9183,39490.78,0.068712813984946
-2388.3283,39334.778,0.06852046941805
-2380.7684,39178.775,0.068328107482875
-2373.2386,39022.771,0.068135748250828
-2365.7388,38866.766,0.067943391585529
-2358.2691,38710.761,0.067751056395247
-2350.8295,38554.754,0.06755870509523
-2343.42,38398.747,0.06736635646493
-2336.0405,38242.739,0.067173990316413
-2328.6911,38086.73,0.066981646877632
-2321.3718,37930.721,0.066789304826881
-2314.0825,37774.71,0.066596946504646
-2306.8233,37618.699,0.066404592067217
-2299.5942,37462.687,0.066212257793462
-2292.3951,37306.674,0.0660199072237
-2285.2261,37150.66,0.065827540473632
-2278.0872,36994.646,0.065635193880663
-2270.9784,36838.631,0.065442851119694
-2263.8996,36682.615,0.065250490801418
-2256.8509,36526.598,0.065058134291088
-2249.8323,36370.581,0.064865797919833
-2242.8437,36214.562,0.064673426409808
-2235.8852,36058.543,0.064481077463825
-2228.9568,35902.524,0.064288748643569
-2222.0585,35746.503,0.064096383573751
-2215.1902,35590.482,0.063904040919182
-2208.352,35434.46,0.06371168199673
-2201.5438,35278.438,0.063519343069184
-2194.7658,35122.414,0.063326970381395
-2188.0178,34966.39,0.063134617679385
-2181.2998,34810.366,0.06294228615174
-2174.612,34654.34,0.062749919644754
-2167.9542,34498.314,0.062557574295773
-2161.3264,34342.288,0.062365231303195
-2154.7288,34186.26,0.062172872098525
-2148.1612,34030.232,0.061980534028719
-2141.6237,33874.203,0.06178817844946
-2135.1162,33718.174,0.061595826360588
-2128.6388,33562.144,0.06140347554818
-2122.1915,33406.113,0.061211128318485
-2115.7743,33250.082,0.061018782355396
-2109.3871,33094.05,0.060826438691485
-2103.03,32938.017,0.060634078636577
-2096.7029,32781.984,0.060441720864762
-2090.406,32625.95,0.060249364461466
-2084.1391,32469.916,0.060057030259892
-2077.9022,32313.881,0.059864678393657
-2071.6954,32157.845,0.059672330021814
-2065.5187,32001.809,0.059479982886103
-2059.3721,31845.772,0.059287619306298
-2053.2555,31689.735,0.059095276759107
-2047.169,31533.697,0.058902917751023
-2041.1126,31377.658,0.058710561071845
-2035.0862,31221.619,0.058518225402089
-2029.0899,31065.579,0.058325854446473
-2023.1237,30909.539,0.058133522299542
-2017.1875,30753.498,0.057941155837497
-2011.2814,30597.457,0.057748809375799
-2005.4054,30441.415,0.057556465200398
-1999.5594,30285.373,0.057364124274437
-1993.7435,30129.33,0.057171765734462
-1987.9576,29973.287,0.056979428149073
-1982.2019,29817.243,0.056787073054226
-1976.4762,29661.198,0.056594702367863
-1970.7805,29505.153,0.056402352612451
-1965.1149,29349.108,0.056210022828976
-1959.4794,29193.062,0.056017658723354
-1953.874,29037.016,0.055825314579801
-1948.2986,28880.969,0.055632954786135
-1942.7533,28724.922,0.055440614945795
-1937.238,28568.874,0.055248258392177
-1931.7528,28412.825,0.055055904023734
-1926.2977,28256.777,0.05486356960237
-1920.8726,28100.728,0.054671219479536
-1915.4776,27944.678,0.054478852713454
-1910.1127,27788.628,0.054286505880565
-1904.7778,27632.577,0.054094143310519
-1899.473,27476.527,0.053901819468991
-1894.1983,27320.475,0.053709441349016
-1888.9536,27164.424,0.053517102861901
-1883.739,27008.372,0.053324766492387
-1878.5544,26852.319,0.0531323945222
-1873.3999,26696.266,0.052940043457504
-1868.2755,26540.213,0.05274771329032
-1863.1811,26384.159,0.052555347497457
-1858.1168,26228.105,0.0523630016001
-1853.0825,26072.051,0.052170658661112
-1848.0784,25915.996,0.05197829809508
-1843.1042,25759.941,0.051785958197356
-1838.1602,25603.885,0.051593601640721
-1833.2462,25447.829,0.051401247028022
-1828.3622,25291.773,0.05120889435179
-1823.5084,25135.716,0.051016543796612
-1818.6846,24979.66,0.050824195161511
-1813.8908,24823.602,0.050631828678655
-1809.1271,24667.545,0.050439483959669
-1804.3935,24511.487,0.050247140286375
-1799.6899,24355.429,0.050054799451266
-1795.0164,24199.371,0.049862440844666
-1790.3729,24043.312,0.049670084118009
-1785.7595,23887.253,0.049477748165342
-1781.1762,23731.193,0.049285376552958
-1776.6229,23575.134,0.049093044413773
-1772.0997,23419.074,0.048900695406681
-1767.6066,23263.014,0.048708328605705
-1763.1435,23106.953,0.048515983366357
-1758.7104,22950.893,0.048323639951742
-1754.3074,22794.832,0.048131278729339
-1749.9345,22638.771,0.047938938222917
-1745.5916,22482.709,0.047746580714625
-1741.2788,22326.648,0.047554243906264
-1736.9961,22170.586,0.047361871358859
-1732.7434,22014.524,0.04716953821595
-1728.5208,21858.462,0.046977188127565
-1724.3282,21702.399,0.04678482099656
-1720.1657,21546.337,0.046592493335633
-1716.0332,21390.274,0.046400128931782
-1711.9308,21234.211,0.046207786048042
-1707.8585,21078.147,0.046015425310047
-1703.8162,20922.084,0.045823085119263
-1699.8039,20766.02,0.045630727845059
-1695.8217,20609.956,0.045438372376989
-1691.8696,20453.892,0.045246018706491
-1687.9475,20297.828,0.045053666740188
-1684.0555,20141.764,0.044861316555055
-1680.1936,19985.7,0.044668968142528
-1676.3617,19829.635,0.044476620573032
-1672.5598,19673.571,0.044284275517272
-1668.788,19517.506,0.044091931379828
-1665.0463,19361.441,0.043899571002558
-1661.3346,19205.376,0.043707230264555
-1657.6529,19049.31,0.043514853548059
-1654.0014,18893.245,0.043322516262789
-1650.3798,18737.18,0.043130161714709
-1646.7883,18581.114,0.042937808872692
-1643.2269,18425.049,0.042745457728173
-1639.6956,18268.983,0.042553108272586
-1636.1942,18112.918,0.042360778354928
-1632.723,17956.852,0.042168413361933
-1629.2818,17800.786,0.041976067978166
-1625.8706,17644.72,0.041783706150717
-1622.4895,17488.654,0.041591364003379
-1619.1384,17332.588,0.041399004609752
-1615.8174,17176.522,0.041206646854924
-1612.5265,17020.456,0.041014309545916
-1609.2656,16864.39,0.04082195496628
-1606.0347,16708.324,0.040629601923974
-1602.8339,16552.258,0.040437269303677
-1599.6631,16396.192,0.040244919389137
-1596.5224,16240.126,0.040052570310117
-1593.4118,16084.059,0.039860204002864
-1590.3312,15927.993,0.039667858763726
-1587.2806,15771.927,0.03947549545491
-1584.2601,15615.861,0.039283152526682
-1581.2696,15459.795,0.039090811816214
-1578.3092,15303.729,0.038898453096558
-1575.3789,15147.663,0.038706114732932
-1572.4786,14991.597,0.038513759009756
-1569.6083,14835.531,0.038321404015258
-1566.7681,14679.465,0.038129051260298
-1563.9579,14523.399,0.037936699939794
-1561.1778,14367.333,0.037744350117323
-1558.4277,14211.267,0.037551982188476
-1555.7076,14055.202,0.037359653314444
-1553.0177,13899.136,0.037167289054579
-1550.3577,13743.071,0.036974944242115
-1547.7278,13587.005,0.036782582075553
-1545.128,13430.94,0.036590240183564
-1542.5582,13274.875,0.036397899670494
-1540.0184,13118.81,0.036205541709773
-1537.5087,12962.745,0.03601318518054
-1535.029,12806.68,0.035820830006782
-1532.5794,12650.615,0.0356284755773
-1530.1598,12494.551,0.035436141981613
-1527.7703,12338.486,0.035243790965102
-1525.4108,12182.422,0.03505144061274
-1523.0813,12026.358,0.034859091584214
-1520.7819,11870.294,0.034666744590001
-1518.5126,11714.23,0.034474385138355
-1516.2732,11558.166,0.034282026921917
-1514.0639,11402.103,0.034089685119039
-1511.8847,11246.04,0.033897340900838
-1509.7355,11089.977,0.033704992313133
-1507.6163,10933.914,0.033512641230412
-1505.5272,10777.851,0.033320283316303
-1503.4682,10621.788,0.03312792546674
-1501.4391,10465.726,0.032935580092966
-1499.4401,10309.664,0.032743231638537
-1497.4712,10153.602,0.032550879449265
-1495.5323,9997.5404,0.032358529754808
-1493.6234,9841.479,0.032166179399868
-1491.7445,9685.4178,0.031973828978932
-1489.8957,9529.3568,0.031781477336673
-1488.077,9373.2961,0.031589126952317
-1486.2883,9217.2357,0.031396777758172
-1484.5296,9061.1755,0.031204425982298
-1482.8009,8905.1155,0.031012075381613
-1481.1023,8749.0559,0.030819725426367
-1479.4338,8592.9965,0.030627373507661
-1477.7952,8436.9374,0.030435022682878
-1476.1867,8280.8786,0.030242672490071
-1474.6083,8124.8201,0.030050322180846
-1473.0598,7968.7619,0.029857972381228
-1471.5414,7812.704,0.029665622442202
-1470.0531,7656.6464,0.029473271234411
-1468.5948,7500.5891,0.029280919256297
-1467.1665,7344.5321,0.029088568382686
-1465.7682,7188.4755,0.028896218606084
-1464.4,7032.4192,0.028703866208316
-1463.0618,6876.3633,0.028511516774188
-1461.7537,6720.3077,0.028319166584787
-1460.4756,6564.2524,0.028126815578545
-1459.2275,6408.1975,0.027934463747941
-1458.0095,6252.143,0.027742114380167
-1456.8214,6096.0888,0.027549762763979
-1455.6635,5940.035,0.027357411771229
-1454.5355,5783.9816,0.027165062272656
-1453.4376,5627.9286,0.026972711454362
-1452.3697,5471.876,0.02678036027668
-1451.3318,5315.8238,0.026588009602443
-1450.324,5159.772,0.026395659981731
-1449.3462,5003.7206,0.026203309474131
-1448.3984,4847.6696,0.026010958072122
-1447.4807,4691.619,0.025818607699313
-1446.593,4535.5689,0.025626258298871
-1445.7353,4379.5191,0.025433906098238
-1444.9077,4223.4699,0.025241556785021
-1444.11,4067.421,0.025049204137019
-1443.3425,3911.3727,0.02485685488281
-1442.6049,3755.3248,0.024664504633007
-1441.8973,3599.2773,0.024472152966457
-1441.2198,3443.2303,0.024279802729164
-1440.5724,3287.1838,0.024087451111975
-1439.9549,3131.1378,0.023895102242306
-1439.3675,2975.0922,0.023702751001513
-1438.8101,2819.0472,0.023510400205687
-1438.2827,2663.0026,0.023318048414641
-1437.7853,2506.9585,0.023125697503494
-1437.318,2350.915,0.022933347507935
-1436.8807,2194.8719,0.022740996493906
-1436.4734,2038.8294,0.022548646336554
-1436.0961,1882.7874,0.02235629514571
-1435.7489,1726.746,0.022163944838272
-1435.4317,1570.7051,0.021971595364285
-1435.1445,1414.6647,0.021779244423458
-1434.8874,1258.6248,0.021586892872744
-1434.6602,1102.5856,0.021394542091956
-1434.4631,946.5469,0.021202191755294
-1434.296,790.5087,0.021009840733986
-1434.1589,634.4711,0.020817490108394
-1434.0519,478.4341,0.02062513881473
-1433.9748,322.3977,0.02043278786982
-1433.9278,166.3619,0.020240437735476
-1433.9108,10.3266999999999,0.020048088365365
-1433.9238,-145.708,0.019855736360337
-1433.9669,-301.742,0.019663386646817
-1434.0399,-457.7754,0.019471035754856
-1434.143,-613.8082,0.019278685633418
-1434.2761,-769.8404,0.019086334355182
-1434.4392,-925.8719,0.018893983439659
-1434.6324,-1081.9028,0.018701633629748
-1434.8555,-1237.9331,0.018509280722118
-1435.1087,-1393.9627,0.018316930427783
-1435.3918,-1549.9916,0.018124582669921
-1435.705,-1706.0199,0.017932231523485
-1436.0483,-1862.0476,0.017739879541665
-1436.4215,-2018.0745,0.017547529743756
-1436.8247,-2174.1008,0.017355179054807
-1437.258,-2330.1264,0.017162828725253
-1437.7213,-2486.1514,0.016970477162111
-1438.2145,-2642.1756,0.016778126525089
-1438.7378,-2798.1991,0.016585776234738
-1439.2912,-2954.222,0.016393424719147
-1439.8745,-3110.2441,0.016201074096672
-1440.4878,-3266.2655,0.016008723777273
-1441.1312,-3422.2861,0.015816374091933
-1441.8045,-3578.3061,0.015624023090316
-1442.5079,-3734.3253,0.015431672707029
-1443.2413,-3890.3438,0.015239321021867
-1444.0047,-4046.3615,0.015046969910246
-1444.7981,-4202.3785,0.014854619364668
-1445.6215,-4358.3947,0.014662269101534
-1446.4749,-4514.4102,0.014469917786227
-1447.3584,-4670.4249,0.014277567041346
-1448.2718,-4826.4388,0.014085216805259
-1449.2152,-4982.4519,0.013892866836103
-1450.1887,-5138.4643,0.013700515796062
-1451.1922,-5294.4758,0.013508165014466
-1452.2256,-5450.4866,0.013315814971104
-1453.2891,-5606.4965,0.01312346520387
-1454.3826,-5762.5057,0.012931112411736
-1455.5061,-5918.514,0.012738763628501
-1456.6596,-6074.5216,0.012546411798106
-1457.8431,-6230.5282,0.012354062085879
-1459.0566,-6386.5341,0.01216171095821
-1460.3001,-6542.5391,0.011969360290596
-1461.5736,-6698.5433,0.011777008414298
-1462.8771,-6854.5466,0.011584658640672
-1464.2106,-7010.5491,0.011392307421585
-1465.5742,-7166.5507,0.01119995665364
-1466.9677,-7322.5515,0.011007606286797
-1468.3912,-7478.5513,0.010815256335009
-1469.8448,-7634.5503,0.010622904927746
-1471.3283,-7790.5484,0.010430555783206
-1472.8418,-7946.5457,0.010238203265138
-1474.3853,-8102.542,0.010045853015162
-1475.9589,-8258.5374,0.009853503161295
-1477.5624,-8414.5319,0.009661153658566
-1479.1959,-8570.5255,0.009468802457026
-1480.8595,-8726.5182,0.009276451809936
-1482.553,-8882.51,0.0090840996095
-1484.2765,-9038.5008,0.008891749464736
-1486.03,-9194.4907,0.008699399823589
-1487.8136,-9350.4797,0.00850704864044
-1489.6271,-9506.4677,0.008314697601883
-1491.4706,-9662.4547,0.008122350799732
-1493.3441,-9818.4408,0.007929998501562
-1495.2476,-9974.426,0.007737644768305
-1497.1811,-10130.41,0.007545294946677
-1499.1446,-10286.393,0.007352945550811
-1501.1381,-10442.376,0.007160577461715
-1503.1615,-10598.357,0.006968247424893
-1505.215,-10754.337,0.006775898700571
-1507.2985,-10910.316,0.006583550233547
-1509.4119,-11066.294,0.006391202004285
-1511.5554,-11222.272,0.006198835315392
-1513.7288,-11378.248,0.006006487560669
-1515.9323,-11534.223,0.00581414004492
-1518.1657,-11690.197,0.005621792738383
-1520.4291,-11846.17,0.00542944564487
-1522.7225,-12002.142,0.005237098855503
-1525.0459,-12158.113,0.005044752161916
-1527.3993,-12314.083,0.004852386827653
-1529.7827,-12470.052,0.004660040507597
-1532.196,-12626.02,0.004467694354651
-1534.6394,-12781.987,0.004275329547255
-1537.1127,-12937.953,0.004082983723929
-1539.616,-13093.917,0.003890638054351
-1542.1493,-13249.881,0.003698273699729
-1544.7126,-13405.843,0.003505928315135
-1547.3059,-13561.805,0.00331356423047
-1549.9292,-13717.765,0.00312121910086
-1552.5824,-13873.724,0.002928874081982
-1555.2657,-14029.682,0.002736529126198
-1557.9789,-14185.639,0.002544184322024
-1560.7221,-14341.595,0.002351820780952
-1563.4953,-14497.549,0.002159476158211
-1566.2984,-14653.503,0.001967131611237
-1569.1316,-14809.455,0.001774787106879
-1571.9947,-14965.406,0.001582442701053
-1574.8878,-15121.357,0.001390060690114
-1577.8109,-15277.306,0.001197716392165
-1580.764,-15433.253,0.00100537213691
-1583.747,-15589.2,0.00081300906859
-1586.7601,-15745.145,0.000620664880202
-1589.8031,-15901.089,0.000428320703134
-1592.8761,-16057.032,0.000235976551169
-1595.979,-16212.974,4.36135736162334E-05
-1599.112,-16368.915,-0.000148730570855
-1602.2749,-16524.854,-0.000341074722947
-1605.4678,-16680.792,-0.000533418890901
-1608.6907,-16836.73,-0.000725800731384
-1611.9435,-16992.665,-0.000918126116791
-1615.2263,-17148.6,-0.001110489202664
-1618.5391,-17304.533,-0.001302833477727
-1621.8819,-17460.465,-0.001495177826341
-1625.2547,-17616.396,-0.001687541034711
-1628.6574,-17772.325,-0.001879885503936
-1632.0901,-17928.254,-0.002072248839935
-1635.5527,-18084.181,-0.002264593457597
-1639.0454,-18240.107,-0.002456938122309
-1642.568,-18396.031,-0.002649282921594
-1646.1205,-18551.954,-0.002841627819221
-1649.7031,-18707.876,-0.003033991607231
-1653.3156,-18863.797,-0.003226336730024
-1656.9581,-19019.716,-0.003418681913907
-1660.6306,-19175.634,-0.003611046054814
-1664.333,-19331.551,-0.003803391562095
-1668.0654,-19487.466,-0.003995737216621
-1671.8277,-19643.38,-0.004188082939137
-1675.6201,-19799.293,-0.004380447655421
-1679.4424,-19955.205,-0.004572812611675
-1683.2946,-20111.115,-0.004765158814499
-1687.1768,-20267.023,-0.004957486455541
-1691.089,-20422.931,-0.005149851852782
-1695.0312,-20578.837,-0.005342198710485
-1699.0033,-20734.742,-0.005534564490472
-1703.0054,-20890.645,-0.005726911752478
-1707.0374,-21046.547,-0.005919259111941
-1711.0994,-21202.447,-0.006111587975025
-1715.1914,-21358.346,-0.006303954734597
-1719.3133,-21514.244,-0.006496302770377
-1723.4652,-21670.141,-0.006688670004493
-1727.6471,-21826.036,-0.006881018534125
-1731.8589,-21981.929,-0.007073348609062
-1736.1007,-22137.821,-0.00726569764855
-1740.3724,-22293.712,-0.00745804708509
-1744.6741,-22449.601,-0.007650396662233
-1749.0057,-22605.489,-0.007842765488067
-1753.3673,-22761.376,-0.008035115630662
-1757.7589,-22917.261,-0.00822746622739
-1762.1804,-23073.144,-0.00841979829145
-1766.6319,-23229.026,-0.008612149344836
-1771.1133,-23384.907,-0.008804519699109
-1775.6247,-23540.786,-0.008996852557567
-1780.166,-23696.664,-0.009189223568331
-1784.7373,-23852.54,-0.009381557267105
-1789.3386,-24008.415,-0.009573928803544
-1793.9698,-24164.288,-0.009766263201401
-1798.6309,-24320.16,-0.009958616782102
-1803.322,-24476.03,-0.010150970549461
-1808.0431,-24631.899,-0.010343324889661
-1812.7941,-24787.766,-0.010535660772452
-1817.5751,-24943.632,-0.010728015683222
-1822.386,-25099.496,-0.010920371178907
-1827.2268,-25255.358,-0.011112708237259
-1832.0976,-25411.22,-0.011305083376762
-1836.9984,-25567.079,-0.011497421067444
-1841.9291,-25722.937,-0.011689759384707
-1846.8897,-25878.794,-0.011882116952173
-1851.8803,-26034.649,-0.012074474968811
-1856.9009,-26190.502,-0.012266814612113
-1861.9514,-26346.354,-0.012459173526172
-1867.0318,-26502.204,-0.012651514057431
-1872.1422,-26658.053,-0.012843873896368
-1877.2825,-26813.9,-0.013036234195968
-1882.4527,-26969.745,-0.013228576132865
-1887.653,-27125.589,-0.013420918593889
-1892.8831,-27281.431,-0.01361326151072
-1898.1432,-27437.272,-0.013805623770307
-1903.4332,-27593.111,-0.013997986524061
-1908.7532,-27748.948,-0.014190312146054
-1914.1031,-27904.784,-0.014382675934918
-1919.483,-28060.619,-0.014575040265348
-1924.8928,-28216.451,-0.014767386287663
-1930.3325,-28372.282,-0.014959732837749
-1935.8021,-28528.111,-0.015152080207343
-1941.3018,-28683.939,-0.015344446722826
-1946.8313,-28839.765,-0.015536794928244
-1952.3908,-28995.589,-0.015729143717421
-1957.9802,-29151.411,-0.015921474538648
-1963.5995,-29307.232,-0.016113824460468
-1969.2488,-29463.052,-0.016306194123068
-1974.928,-29618.869,-0.016498545234487
-1980.6372,-29774.685,-0.016690897279278
-1986.3763,-29930.499,-0.016883230779429
-1992.1453,-30086.311,-0.017075584031112
-1997.9442,-30242.122,-0.017267937572473
-2003.7731,-30397.931,-0.017460292089506
-2009.6319,-30553.738,-0.017652628074027
-2015.5207,-30709.544,-0.017844983884287
-2021.4393,-30865.348,-0.018037340302513
-2027.3879,-31021.15,-0.018229697059408
-2033.3665,-31176.95,-0.018422036017162
-2039.3749,-31332.749,-0.018614394430043
-2045.4133,-31488.546,-0.018806753545904
-2051.4816,-31644.341,-0.018999094508439
-2057.5799,-31800.134,-0.019191455016317
-2063.708,-31955.925,-0.019383797348049
-2069.8661,-32111.715,-0.01957614041071
-2076.0541,-32267.503,-0.019768503002319
-2082.2721,-32423.289,-0.019960847511309
-2088.5199,-32579.073,-0.020153192697095
-2094.7977,-32734.856,-0.02034555746915
-2101.1054,-32890.637,-0.020537904141168
-2107.443,-33046.416,-0.020730251937512
-2113.8106,-33202.193,-0.020922600126904
-2120.2081,-33357.968,-0.021114949063812
-2126.6354,-33513.741,-0.02130729911574
-2133.0927,-33669.513,-0.021499649570165
-2139.58,-33825.283,-0.021692020067634
-2146.0971,-33981.051,-0.021884372065856
-2152.6442,-34136.817,-0.022076706474072
-2159.2212,-34292.581,-0.022269060083815
-2165.8281,-34448.343,-0.022461414909601
-2172.4649,-34604.103,-0.022653751715542
-2179.1316,-34759.862,-0.022846107731129
-2185.8282,-34915.619,-0.023038464992847
-2192.5548,-35071.374,-0.023230823124279
-2199.3113,-35227.126,-0.023423163262554
-2206.0976,-35382.877,-0.023615504196041
-2212.9139,-35538.626,-0.023807846019722
-2219.7601,-35694.374,-0.024000226347906
-2226.6362,-35850.119,-0.024192569882815
-2233.5423,-36005.862,-0.024384914788109
-2240.4782,-36161.603,-0.024577260064033
-2247.4441,-36317.343,-0.024769625090375
-2254.4398,-36473.08,-0.024961953303674
-2261.4655,-36628.816,-0.02515432058004
-2268.521,-36784.55,-0.025346669411173
-2275.6065,-36940.281,-0.025539019675033
-2282.7219,-37096.011,-0.025731370857022
-2289.8672,-37251.739,-0.02592372247542
-2297.0424,-37407.464,-0.026116075509264
-2304.2475,-37563.188,-0.026308429480456
-2311.4825,-37718.91,-0.026500784395401
-2318.7474,-37874.63,-0.026693120933176
-2326.0422,-38030.347,-0.02688547775132
-2333.3669,-38186.063,-0.02707781670791
-2340.7215,-38341.777,-0.02727017597197
-2348.106,-38497.488,-0.027462516877633
-2355.5204,-38653.198,-0.027654877589907
-2362.9647,-38808.906,-0.027847220466644
-2370.439,-38964.612,-0.028039583743355
-2377.9431,-39120.315,-0.028231928620773
-2385.4771,-39276.017,-0.028424293330019
-2393.041,-39431.716,-0.028616621944855
-2400.6348,-39587.414,-0.028808989235185
-2408.2585,-39743.109,-0.029001319366693
-2415.912,-39898.802,-0.029193669850155
-2764.1873,39856.583,0.069193688350107
-2756.5268,39700.65,0.069001336656028
-2748.8963,39544.716,0.06880896877367
-2741.2959,39388.782,0.068616641185317
-2733.7256,39232.846,0.068424259947077
-2726.1853,39076.91,0.068231917573975
-2718.6751,38920.973,0.068039579183776
-2711.195,38765.035,0.067847224692315
-2703.7449,38609.096,0.0676548714783
-2696.3248,38453.157,0.067462539603176
-2688.9348,38297.216,0.067270172820279
-2681.5749,38141.275,0.067077827486871
-2674.2451,37985.333,0.06688546601649
-2666.9453,37829.39,0.066693125853512
-2659.6755,37673.446,0.066500769411591
-2652.4358,37517.502,0.066308414349611
-2645.2262,37361.557,0.066116081948476
-2638.0466,37205.611,0.065923732003333
-2630.8971,37049.664,0.065731367114398
-2623.7776,36893.716,0.065539022253635
-2616.6882,36737.768,0.065346679986571
-2609.6289,36581.819,0.065154321513188
-2602.5996,36425.869,0.064961965493708
-2595.6004,36269.918,0.064769612042562
-2588.6312,36113.967,0.06457727982187
-2581.6921,35958.014,0.064384912568794
-2574.783,35802.062,0.064192565322532
-2567.904,35646.108,0.064000221823517
-2561.0551,35490.154,0.063807860857695
-2554.2362,35334.199,0.063615522287972
-2547.4473,35178.243,0.063423166122498
-2540.6886,35022.287,0.063230812585694
-2533.9598,34866.329,0.063038461312038
-2527.2612,34710.372,0.062846112649971
-2520.5926,34554.413,0.062653766354047
-2513.954,34398.454,0.062461421241336
-2507.3455,34242.494,0.062269060981192
-2500.7671,34086.533,0.062076703180468
-2494.2187,33930.572,0.061884346549533
-2487.7004,33774.61,0.061691992368888
-2481.2121,33618.648,0.06149966046748
-2474.7539,33462.685,0.061307311043377
-2468.3257,33306.721,0.06111496392964
-2461.9276,33150.756,0.060922600436969
-2455.5596,32994.791,0.060730258149591
-2449.2216,32838.825,0.060537899351817
-2442.9136,32682.859,0.060345542832684
-2436.6357,32526.892,0.060153206363227
-2430.3879,32370.925,0.059960854608164
-2424.1701,32214.957,0.059768503983059
-2417.9824,32058.988,0.059576155724662
-2411.8247,31903.018,0.059383792032052
-2405.6971,31747.049,0.059191448366563
-2399.5995,31591.078,0.058999088133161
-2393.532,31435.107,0.058806749032179
-2387.4946,31279.135,0.058614393457525
-2381.4872,31123.163,0.058422040089364
-2375.5098,30967.19,0.058229687824303
-2369.5625,30811.217,0.058037338959587
-2363.6453,30655.243,0.057844991298424
-2357.7581,30499.269,0.057652646904767
-2351.901,30343.294,0.05746028490517
-2346.0739,30187.319,0.057267944950338
-2340.2769,30031.343,0.057075587380008
-2334.5099,29875.366,0.056883231960385
-2328.773,29719.389,0.056690878790705
-2323.0661,29563.412,0.056498546557463
-2317.3893,29407.434,0.056306196696843
-2311.7425,29251.456,0.056113850019006
-2306.1258,29095.477,0.055921486756363
-2300.5392,28939.497,0.055729124653036
-2294.9825,28783.517,0.055536784395261
-2289.456,28627.537,0.055344426590354
-2283.9595,28471.556,0.055152070872177
-2278.493,28315.575,0.05495973707071
-2273.0566,28159.593,0.054767385603259
-2267.6503,28003.611,0.054575036302136
-2262.274,27847.628,0.054382670252838
-2256.9277,27691.645,0.054190324034898
-2251.6115,27535.662,0.053997980982673
-2246.3254,27379.678,0.053805621259832
-2241.0693,27223.694,0.053613281355937
-2235.8432,27067.709,0.053420925676849
-2230.6472,26911.724,0.053228571104822
-2225.4813,26755.739,0.053036237445384
-2220.3454,26599.753,0.052843887975467
-2215.2395,26443.766,0.052651520694085
-2210.1637,26287.78,0.052459174301266
-2205.118,26131.793,0.052266829983313
-2200.1022,25975.805,0.052074468729728
-2195.1166,25819.818,0.051882127462138
-2190.161,25663.829,0.051689770321089
-2185.2354,25507.841,0.051497415124818
-2180.3399,25351.852,0.051305060996703
-2175.4745,25195.863,0.051112709863255
-2170.639,25039.874,0.050920378403407
-2165.8337,24883.884,0.050728011441898
-2161.0584,24727.894,0.050535665199896
-2156.3131,24571.903,0.050343302055337
-2151.5979,24415.913,0.050150979461879
-2146.9127,24259.922,0.049958620194626
-2142.2576,24103.93,0.049766261965777
-2137.6325,23947.939,0.049573925358934
-2133.0375,23791.947,0.049381571902773
-2128.4725,23635.954,0.049189200569674
-2123.9375,23479.962,0.048996869633594
-2119.4326,23323.969,0.048804502095729
-2114.9578,23167.976,0.04861215621501
-2110.513,23011.983,0.048419811249133
-2106.0982,22855.989,0.048227449299786
-2101.7135,22699.996,0.04803512687851
-2097.3588,22544.002,0.047842768648209
-2093.0342,22388.007,0.047650393500119
-2088.7396,22232.013,0.0474580577665
-2084.4751,22076.018,0.047265705098694
-2080.2406,21920.023,0.04707335420958
-2076.0362,21764.028,0.046881004297422
-2071.8618,21608.033,0.046688657034411
-2067.7174,21452.037,0.046496291840589
-2063.6031,21296.041,0.04630394730014
-2059.5188,21140.046,0.04611160537483
-2055.4646,20984.05,0.045919264403926
-2051.4404,20828.053,0.045726887540957
-2047.4463,20672.057,0.045534550110803
-2043.4822,20516.06,0.045342195584318
-2039.5481,20360.063,0.045149842765766
-2035.6441,20204.066,0.044957491732305
-2031.7702,20048.069,0.044765142475369
-2027.9262,19892.072,0.044572793979485
-2024.1123,19736.075,0.044380448087157
-2020.3285,19580.077,0.044188084302211
-2016.5747,19424.08,0.043995760639719
-2012.8509,19268.082,0.043803400179616
-2009.1572,19112.084,0.043611041454466
-2005.4935,18956.086,0.043418685191346
-2001.8599,18800.088,0.043226348639613
-1998.2563,18644.09,0.043033994903171
-1994.6827,18488.092,0.042841642788218
-1991.1392,18332.093,0.042649273553264
-1987.6257,18176.095,0.042456942753436
-1984.1423,18020.096,0.042264576805492
-1980.6889,17864.098,0.042072231262126
-1977.2655,17708.099,0.041879886512973
-1973.8722,17552.101,0.041687544209507
-1970.5089,17396.102,0.041495183876588
-1967.1757,17240.103,0.041302825965407
-1963.8725,17084.105,0.041110487646757
-1960.5993,16928.106,0.040918132063464
-1957.3562,16772.107,0.040725778100086
-1954.1431,16616.108,0.040533425671745
-1950.96,16460.109,0.04034107477096
-1947.807,16304.11,0.040148725465833
-1944.684,16148.111,0.039956377672574
-1941.591,15992.112,0.039764012567159
-1938.5281,15836.114,0.039571686666224
-1935.4953,15680.115,0.039379342770203
-1932.4924,15524.116,0.039186982208921
-1929.5196,15368.117,0.038994622460357
-1926.5768,15212.118,0.038802264914788
-1923.6641,15056.12,0.038609926990153
-1920.7814,14900.121,0.038417571705052
-1917.9287,14744.122,0.038225218588914
-1915.1061,14588.124,0.038032885080724
-1912.3135,14432.125,0.037840515370531
-1909.551,14276.127,0.037648184793232
-1906.8184,14120.128,0.03745581792717
-1904.1159,13964.13,0.037263471360501
-1901.4435,13808.132,0.037071125568631
-1898.801,13652.133,0.036878762985008
-1896.1886,13496.135,0.036686420676919
-1893.6063,13340.138,0.036494079130221
-1891.0539,13184.14,0.036301720758417
-1888.5316,13028.142,0.036109363139286
-1886.0394,12872.144,0.035917007627562
-1883.5771,12716.147,0.035724671543495
-1881.1449,12560.149,0.035532318055638
-1878.7428,12404.152,0.035339965974698
-1876.3706,12248.155,0.035147615159753
-1874.0285,12092.158,0.034955266394152
-1871.7164,11936.161,0.034762899463957
-1869.4344,11780.165,0.034570567133737
-1867.1823,11624.168,0.034378206582517
-1864.9603,11468.172,0.034185860564493
-1862.7684,11312.176,0.033993512132862
-1860.6064,11156.18,0.033801160515292
-1858.4745,11000.184,0.033608805226211
-1856.3726,10844.189,0.033416464374909
-1854.3008,10688.193,0.033224101631204
-1852.259,10532.198,0.033031753316867
-1850.2472,10376.203,0.032839401221692
-1848.2654,10220.209,0.032647064801388
-1846.3136,10064.214,0.032454703263358
-1844.3919,9908.2198,0.03226235430361
-1842.5002,9752.2258,0.032070004678181
-1840.6386,9596.232,0.031877655039767
-1838.8069,9440.2384,0.031685302174225
-1837.0053,9284.2451,0.031492951851161
-1835.2337,9128.2521,0.031300601428199
-1833.4922,8972.2593,0.03110825035981
-1831.7806,8816.2668,0.030915900403205
-1830.0991,8660.2746,0.030723549206947
-1828.4476,8504.2826,0.030531197865515
-1826.8261,8348.291,0.030338847671565
-1825.2347,8192.2996,0.030146496224465
-1823.6733,8036.3085,0.029954146480357
-1822.1419,7880.3178,0.02976179730014
-1820.6405,7724.3273,0.0295694454793
-1819.1692,7568.3372,0.029377094830257
-1817.7278,7412.3474,0.029184745784042
-1816.3165,7256.3579,0.028992393576083
-1814.9352,7100.3687,0.028800042461369
-1813.584,6944.3799,0.028607692486273
-1812.2627,6788.3914,0.028415341652831
-1810.9715,6632.4033,0.028222991943279
-1809.7103,6476.4155,0.028030641413861
-1808.4791,6320.4281,0.027838290057053
-1807.2779,6164.441,0.027645937344788
-1806.1068,6008.4543,0.027453588130816
-1804.9657,5852.468,0.027261236183762
-1803.8546,5696.4821,0.02706888663375
-1802.7735,5540.4966,0.026876536731381
-1801.7224,5384.5115,0.026684185453386
-1800.7014,5228.5268,0.026491835733114
-1799.7103,5072.5425,0.026299484579191
-1798.7493,4916.5586,0.026107134468441
-1797.8183,4760.5751,0.025914783948937
-1796.9173,4604.592,0.025722432033622
-1796.0463,4448.6094,0.025530081089082
-1795.2054,4292.6272,0.025337731155535
-1794.3945,4136.6454,0.02514537841196
-1793.6135,3980.6641,0.024953028451491
-1792.8626,3824.6833,0.02476067947843
-1792.1417,3668.7029,0.02456832767279
-1791.4509,3512.723,0.024375976838087
-1790.79,3356.7435,0.024183626874668
-1790.1591,3200.7646,0.0239912759387
-1789.5583,3044.7861,0.02379892550196
-1788.9875,2888.8081,0.023606574528671
-1788.4467,2732.8306,0.023414224442194
-1787.9359,2576.8536,0.023221874797772
-1787.4551,2420.8771,0.023029522700771
-1787.0043,2264.9011,0.022837172920697
-1786.5836,2108.9256,0.022644820708402
-1786.1928,1952.9507,0.022452470762288
-1785.8321,1796.9762,0.022260119824468
-1785.5013,1641.0024,0.022067770101449
-1785.2006,1485.029,0.021875418951824
-1784.9299,1329.0562,0.021683068628014
-1784.6892,1173.084,0.021490717239817
-1784.4785,1017.1123,0.021298366662429
-1784.2978,861.1412,0.021106017285783
-1784.1472,705.1706,0.020913666460557
-1784.0265,549.2006,0.020721314501161
-1783.9358,393.2312,0.020528963322562
-1783.8752,237.2624,0.020336612572621
-1783.8445,81.2941999999999,0.020144262936394
-1783.8439,-74.6734000000001,0.019951912213281
-1783.8733,-230.6404,0.019759562240247
-1783.9326,-386.6069,0.019567211090168
-1784.022,-542.5726,0.019374860347535
-1784.1414,-698.5378,0.019182510700933
-1784.2908,-854.5024,0.018990158008807
-1784.4702,-1010.4663,0.018797807558078
-1784.6796,-1166.4295,0.018605458170014
-1784.919,-1322.3922,0.01841310724998
-1785.1884,-1478.3541,0.018220757370362
-1785.4878,-1634.3155,0.018028405950997
-1785.8172,-1790.2761,0.017836055549799
-1786.1766,-1946.2361,0.017643705483928
-1786.5661,-2102.1954,0.017451354235376
-1786.9855,-2258.1541,0.017259002055537
-1787.4349,-2414.112,0.017066653965112
-1787.9143,-2570.0693,0.016874300870887
-1788.4237,-2726.0259,0.016681950296831
-1788.9632,-2881.9817,0.01648960038363
-1789.5326,-3037.9369,0.016297249178431
-1790.132,-3193.8913,0.016104898891295
-1790.7614,-3349.8451,0.01591254702167
-1791.4209,-3505.7981,0.015720197664349
-1792.1103,-3661.7503,0.015527846694055
-1792.8297,-3817.7019,0.01533549472166
-1793.5791,-3973.6526,0.015143147092407
-1794.3585,-4129.6027,0.014950794384173
-1795.1679,-4285.552,0.014758444121159
-1796.0073,-4441.5005,0.014566094412943
-1796.8767,-4597.4483,0.01437374148613
-1797.7761,-4753.3952,0.014181392865004
-1798.7055,-4909.3415,0.013989040746841
-1799.6649,-5065.2869,0.013796691303473
-1800.6543,-5221.2315,0.013604340238253
-1801.6737,-5377.1754,0.013411989942627
-1802.723,-5533.1184,0.013219640124398
-1803.8024,-5689.0606,0.013027288697921
-1804.9118,-5845.0021,0.012834938007668
-1806.0511,-6000.9427,0.012642587535323
-1807.2205,-6156.8825,0.012450235918136
-1808.4198,-6312.8214,0.012257886394821
-1809.6491,-6468.7596,0.012065533797962
-1810.9084,-6624.6968,0.011873185194041
-1812.1977,-6780.6333,0.011680833494318
-1813.517,-6936.5689,0.01148848201376
-1814.8663,-7092.5036,0.011296132851475
-1816.2456,-7248.4374,0.011103782443019
-1817.6549,-7404.3704,0.0109114322421
-1819.0941,-7560.3025,0.010719080550715
-1820.5634,-7716.2338,0.010526729285126
-1822.0626,-7872.1641,0.010334380475476
-1823.5918,-8028.0936,0.010142028092487
-1825.151,-8184.0221,0.009949677976017
-1826.7402,-8339.9498,0.009757326352471
-1828.3594,-8495.8765,0.009564976980453
-1830.0086,-8651.8024,0.009372626086355
-1831.6877,-8807.7273,0.009180275701319
-1833.3969,-8963.6513,0.008987923620343
-1835.136,-9119.5743,0.008795573744343
-1836.9051,-9275.4964,0.008603224200043
-1838.7042,-9431.4176,0.00841087309687
-1840.5333,-9587.3378,0.008218524193471
-1842.3923,-9743.257,0.008026169934917
-1844.2813,-9899.1753,0.007833814095689
-1846.2004,-10055.093,0.00764146986428
-1848.1494,-10211.009,0.007449120256289
-1850.1284,-10366.924,0.007256770928223
-1852.1373,-10522.839,0.007064421726246
-1854.1763,-10678.752,0.006872072939514
-1856.2452,-10834.665,0.006679705566627
-1858.3441,-10990.576,0.006487357275369
-1860.473,-11146.486,0.00629502805831
-1862.6319,-11302.396,0.006102661414805
-1864.8207,-11458.304,0.00591031381937
-1867.0395,-11614.211,0.005717966445312
-1869.2883,-11770.118,0.005525600349942
-1871.5671,-11926.023,0.005333272230892
-1873.8758,-12081.927,0.005140925469904
-1876.2146,-12237.831,0.004948560079144
-1878.5833,-12393.733,0.004756194773702
-1880.982,-12549.634,0.004563848569741
-1883.4106,-12705.534,0.00437150252715
-1885.8692,-12861.433,0.004179156647384
-1888.3578,-13017.33,0.003986810847867
-1890.8764,-13173.227,0.003794465274874
-1893.425,-13329.123,0.003602101010907
-1896.0035,-13485.017,0.003409755640419
-1898.612,-13640.911,0.003217410463813
-1901.2505,-13796.803,0.003025065405756
-1903.9189,-13952.695,0.002832701568722
-1906.6173,-14108.585,0.002640337892908
-1909.3457,-14264.474,0.002447993145212
-1912.104,-14420.362,0.002255648440064
-1914.8924,-14576.248,0.002063303867398
-1917.7106,-14732.134,0.001870959361956
-1920.5589,-14888.019,0.00167859606489
-1923.4371,-15043.902,0.001486251691642
-1926.3453,-15199.784,0.001293907371613
-1929.2835,-15355.665,0.001101544245149
-1932.2516,-15511.545,0.000909200010963
-1935.2497,-15667.424,0.000716836976803
-1938.2778,-15823.301,0.000524492788123
-1941.3358,-15979.177,0.000332148628758
-1944.4238,-16135.052,0.000139804476426
-1947.5418,-16290.926,-5.25584989073747E-05
-1950.6897,-16446.799,-0.000244902647693
-1953.8676,-16602.671,-0.00043726564001
-1957.0754,-16758.541,-0.000629609807474
-1960.3132,-16914.41,-0.00082195400956
-1963.581,-17070.278,-0.001014317057846
-1966.8787,-17226.144,-0.00120666132931
-1970.2064,-17382.01,-0.001399024480341
-1973.5641,-17537.874,-0.001591368825661
-1976.9517,-17693.737,-0.001783713257132
-1980.3693,-17849.598,-0.001976057758543
-1983.8168,-18005.459,-0.002168421123856
-1987.2943,-18161.318,-0.002360765779212
-1990.8018,-18317.175,-0.002553110526286
-1994.3392,-18473.032,-0.002745474198759
-1997.9066,-18628.887,-0.002937819090541
-2001.5039,-18784.741,-0.003130164141623
-2005.1312,-18940.594,-0.003322528144294
-2008.7884,-19096.445,-0.003514873370595
-2012.4756,-19252.295,-0.003707218794009
-2016.1928,-19408.144,-0.003899564359468
-2019.9399,-19563.991,-0.004091910066769
-2023.7169,-19719.838,-0.004284274672894
-2027.524,-19875.682,-0.004476620696339
-2031.3609,-20031.526,-0.004668985704738
-2035.2278,-20187.368,-0.004861332059276
-2039.1247,-20343.209,-0.005053678598686
-2043.0515,-20499.048,-0.005246025320591
-2047.0083,-20654.886,-0.005438372139232
-2050.995,-20810.723,-0.005630738083832
-2055.0117,-20966.558,-0.005823085410711
-2059.0584,-21122.392,-0.006015432958514
-2063.1349,-21278.224,-0.006207780711359
-2067.2415,-21434.055,-0.006400109879694
-2071.3779,-21589.885,-0.006592476927973
-2075.5444,-21745.714,-0.006784844237731
-2079.7407,-21901.54,-0.006977174116205
-2083.967,-22057.366,-0.007169523088693
-2088.2233,-22213.19,-0.007361872331705
-2092.5095,-22369.013,-0.0075542406694
-2096.8257,-22524.834,-0.007746571630122
-2101.1718,-22680.654,-0.007938940529908
-2105.5478,-22836.472,-0.008131272051795
-2109.9538,-22992.289,-0.008323622710359
-2114.3897,-23148.105,-0.008515992496974
-2118.8556,-23303.919,-0.008708343936927
-2123.3514,-23459.731,-0.008900676696696
-2127.8772,-23615.542,-0.009093028621568
-2132.4329,-23771.352,-0.00928538087085
-2137.0185,-23927.16,-0.009477733629429
-2141.6341,-24082.967,-0.009670086568596
-2146.2796,-24238.772,-0.009862439852133
-2150.9551,-24394.576,-0.010054793694729
-2155.6605,-24550.378,-0.010247147709521
-2160.3958,-24706.179,-0.010439502088644
-2165.1611,-24861.978,-0.010631838228378
-2169.9563,-25017.775,-0.010824174549481
-2174.7814,-25173.572,-0.011016549122967
-2179.6365,-25329.366,-0.01120888624387
-2184.5215,-25485.159,-0.011401242807588
-2189.4365,-25640.951,-0.011593599586313
-2194.3814,-25796.741,-0.011785956998363
-2199.3562,-25952.529,-0.01197829600538
-2204.3609,-26108.316,-0.01217065404478
-2209.3956,-26264.101,-0.012362993940901
-2214.4602,-26419.885,-0.01255535311205
-2219.5548,-26575.667,-0.012747693928719
-2224.6793,-26731.448,-0.0129400537902
-2229.8337,-26887.227,-0.013132414356687
-2235.018,-27043.004,-0.013324756564787
-2240.2323,-27198.78,-0.013517118105918
-2245.4765,-27354.554,-0.013709461302307
-2250.7506,-27510.326,-0.013901804990116
-2256.0547,-27666.097,-0.0140941492023
-2261.3887,-27821.867,-0.014286512748956
-2266.7526,-27977.634,-0.014478857977439
-2272.1464,-28133.4,-0.014671203723715
-2277.5702,-28289.165,-0.014863568851529
-2283.0239,-28444.927,-0.015055897135508
-2288.5075,-28600.688,-0.015248244506691
-2294.0211,-28756.448,-0.015440611280292
-2299.5645,-28912.206,-0.015632960040897
-2305.1379,-29067.962,-0.01582530909753
-2310.7412,-29223.716,-0.016017658718282
-2316.3745,-29379.469,-0.016210009245333
-2322.0376,-29535.22,-0.01640236001754
-2327.7307,-29690.969,-0.016594711716836
-2333.4537,-29846.717,-0.016787064013861
-2339.2066,-30002.463,-0.016979416595295
-2344.9894,-30158.207,-0.01717175127474
-2350.8022,-30313.95,-0.01736412426114
-2356.6448,-30469.691,-0.017556478679329
-2362.5174,-30625.43,-0.017748815259236
-2368.4199,-30781.167,-0.017941171304579
-2374.3524,-30936.903,-0.018133528027392
-2380.3147,-31092.637,-0.018325885366153
-2386.307,-31248.369,-0.018518224567731
-2392.3291,-31404.099,-0.018710564397486
-2398.3812,-31559.828,-0.018902923759993
-2404.4632,-31715.554,-0.019095265330172
-2410.5751,-31871.28,-0.019287626054966
-2416.7169,-32027.003,-0.01947996864082
-2422.8887,-32182.724,-0.019672311959179
-2429.0903,-32338.444,-0.019864675144493
-2435.3219,-32494.162,-0.020057019877641
-2441.5833,-32649.878,-0.020249365669372
-2447.8747,-32805.592,-0.020441711843019
-2454.196,-32961.305,-0.020634077960858
-2460.5472,-33117.016,-0.020826425993091
-2466.9283,-33272.724,-0.021018774377835
-2473.3393,-33428.431,-0.021211123909446
-2479.7802,-33584.137,-0.021403493029282
-2486.251,-33739.84,-0.021595825262415
-2492.7517,-33895.542,-0.021788195923546
-2499.2824,-34051.241,-0.021980529752491
-2505.8429,-34206.939,-0.022172883154112
-2512.4333,-34362.635,-0.022365237348887
-2519.0537,-34518.329,-0.022557573559065
-2525.7039,-34674.021,-0.022749929788192
-2532.3841,-34829.711,-0.022942267621671
-2539.0941,-34985.4,-0.023134643884037
-2545.8341,-35141.086,-0.023326983801987
-2552.6039,-35296.771,-0.023519342898742
-2559.4037,-35452.454,-0.023711684498502
-2566.2333,-35608.135,-0.023904045731849
-2573.0928,-35763.813,-0.024096388543573
-2579.9823,-35919.49,-0.02428873271578
-2586.9016,-36075.166,-0.024481096539448
-2593.8509,-36230.839,-0.024673442461162
-2600.83,-36386.51,-0.024865789220645
-2607.839,-36542.179,-0.025058136870401
-2614.8779,-36697.846,-0.025250485416837
-2621.9468,-36853.512,-0.0254428537396
-2629.0455,-37009.175,-0.025635185756342
-2636.1741,-37164.836,-0.025827537035244
-2643.3326,-37320.496,-0.026019908551441
-2650.521,-37476.153,-0.026212242859931
-2657.7392,-37631.809,-0.026404597376054
-2664.9874,-37787.462,-0.0265969523895
-2672.2655,-37943.113,-0.026789290030626
-2679.5734,-38098.763,-0.026981647407293
-2686.9113,-38254.41,-0.027173986977911
-2694.279,-38410.056,-0.027366346295963
-2701.6766,-38565.699,-0.027558687769807
-2709.1041,-38721.341,-0.027751049054502
-2716.5615,-38876.98,-0.027943392508
-2724.0487,-39032.617,-0.028135736908007
-2731.5659,-39188.253,-0.02832810172378
-2739.1129,-39343.886,-0.028520448144407
-2746.6899,-39499.517,-0.028712795637076
-2754.2967,-39655.146,-0.028905144644676
-2761.9334,-39810.773,-0.029097494690305
-2769.5999,-39966.398,-0.029289845173729
-1171.8681,40045.324,0.069289847244843
-1164.1713,39889.085,0.069097507165523
-1156.5046,39732.844,0.068905169560246
-1148.868,39576.603,0.068712815627684
-1141.2616,39420.361,0.068520465316807
-1133.6852,39264.118,0.06832811629621
-1126.139,39107.875,0.068135750799703
-1118.6229,38951.63,0.067943407820071
-1111.1369,38795.385,0.067751048473045
-1103.681,38639.138,0.06755870907258
-1096.2553,38482.891,0.067366354440074
-1088.8597,38326.643,0.06717400221747
-1081.4941,38170.395,0.066981633727323
-1074.1587,38014.145,0.066789305102195
-1066.8534,37857.895,0.066596941273031
-1059.5783,37701.644,0.066404598500659
-1052.3332,37545.392,0.066212239433553
-1045.1183,37389.139,0.066019882613323
-1037.9335,37232.885,0.065827548196465
-1030.7787,37076.631,0.065635196221066
-1023.6542,36920.376,0.065442847583319
-1016.5597,36764.12,0.065250500179873
-1009.4953,36607.863,0.065058156341219
-1002.4611,36451.606,0.064865795907049
-995.457000000002,36295.348,0.064673437793142
-988.483000000002,36139.089,0.064481080779176
-981.539100000002,35982.829,0.064288746090767
-974.625300000002,35826.569,0.064096394903229
-967.741600000002,35670.308,0.063904027209486
-960.888100000002,35514.046,0.063711681684363
-954.064700000002,35357.783,0.063519337238858
-947.271400000002,35201.52,0.063326995069682
-940.508200000002,35045.256,0.063134637557212
-933.775100000002,34888.992,0.062942281115607
-927.072100000002,34732.726,0.062749946914457
-920.399300000002,34576.46,0.062557596036543
-913.756500000002,34420.194,0.062365227536558
-907.143900000002,34263.926,0.062172881130206
-900.561400000002,34107.658,0.061980536948547
-894.009000000002,33951.389,0.061788194985199
-887.486800000002,33795.12,0.061595836314129
-880.994600000002,33638.85,0.061403479964487
-874.532500000002,33482.579,0.061211125813561
-868.100600000002,33326.308,0.061018774888928
-861.698800000002,33170.036,0.060826424998506
-855.327100000002,33013.763,0.060634077288372
-848.985500000002,32857.49,0.060441732890135
-842.674000000002,32701.216,0.060249389517808
-836.392700000002,32544.942,0.060057030518857
-830.141400000002,32388.667,0.059864673780424
-823.920300000002,32232.391,0.059672337876208
-817.729300000002,32076.115,0.059479965375372
-811.568400000002,31919.838,0.059287614932582
-805.437600000002,31763.561,0.059095267724728
-799.336900000002,31607.283,0.058902921516463
-793.266300000002,31451.004,0.058710577417688
-787.225900000002,31294.725,0.058518216504676
-781.215500000002,31138.445,0.058325876605871
-775.235300000002,30982.165,0.058133520974941
-769.285200000002,30825.884,0.057941166330052
-763.365200000002,30669.603,0.057748814850368
-757.475300000002,30513.321,0.057556464351188
-751.615500000002,30357.039,0.057364116997203
-745.785800000002,30200.756,0.057171752886051
-739.986300000002,30044.472,0.056979428329929
-734.216800000002,29888.188,0.056787067233216
-728.477500000002,29731.904,0.056594709134696
-722.768300000002,29575.619,0.056402353062392
-717.089100000002,29419.333,0.05621001898381
-711.440100000002,29263.048,0.05601764813114
-705.821300000002,29106.761,0.055825316800107
-700.232500000002,28950.474,0.055632968765358
-694.673800000002,28794.187,0.055440604958351
-689.145200000002,28637.899,0.055248260901927
-683.646800000002,28481.61,0.055055919760017
-678.178500000002,28325.322,0.054863561775631
-672.740200000002,28169.033,0.054671204826524
-667.332100000002,28012.743,0.054478850762591
-661.954100000002,27856.453,0.054286498647669
-656.606200000002,27700.162,0.054094148475368
-651.288400000002,27543.871,0.053901819051338
-646.000800000002,27387.58,0.053709453831922
-640.743200000002,27231.288,0.053517109449492
-635.515700000002,27074.996,0.053324748171487
-630.318400000002,26918.703,0.053132407516521
-625.151100000002,26762.41,0.052940051050116
-620.014000000002,26606.117,0.052747695381358
-614.907000000002,26449.823,0.052555342594074
-609.830100000002,26293.529,0.052362990698941
-604.783300000002,26137.234,0.052170660479028
-599.766600000002,25980.939,0.051978312332134
-594.780000000002,25824.644,0.051785948212515
-589.823500000002,25668.349,0.051593585945132
-584.897100000002,25512.053,0.051401244338113
-580.000900000002,25355.756,0.051208904474482
-575.134700000002,25199.46,0.051016528911285
-570.298600000001,25043.162,0.050824211619608
-565.492700000002,24886.865,0.050631839607805
-560.716900000002,24730.568,0.050439489175517
-555.971100000001,24574.27,0.050247139692584
-551.255500000002,24417.971,0.050054791916467
-546.570000000002,24261.673,0.049862428058757
-541.914600000002,24105.374,0.049670083863255
-537.289300000002,23949.075,0.049477723565767
-532.694100000002,23792.775,0.049285401741818
-528.129000000002,23636.476,0.049093026162442
-523.594000000002,23480.176,0.048900671155416
-519.089100000002,23323.875,0.048708336714877
-514.614300000001,23167.575,0.048515985200486
-510.169600000001,23011.274,0.048323635422728
-505.755000000001,22854.973,0.048131287375204
-501.370600000001,22698.672,0.04793892214348
-497.016200000001,22542.37,0.047746577537419
-492.692000000001,22386.068,0.047554234552842
-488.397800000001,22229.766,0.047361875436483
-484.133700000001,22073.464,0.047169535940913
-479.899800000001,21917.161,0.046977180114792
-475.696000000001,21760.859,0.04678482508618
-471.522200000001,21604.556,0.046592472702196
-467.378600000001,21448.253,0.046400121022053
-463.265000000001,21291.95,0.046207771965776
-459.181600000001,21135.646,0.046015424475103
-455.128300000001,20979.343,0.045823059811389
-451.105000000001,20823.039,0.045630715693258
-447.111900000001,20666.735,0.045438373122613
-443.148900000001,20510.431,0.045246013359232
-439.216000000001,20354.126,0.04505367403679
-435.313100000001,20197.822,0.044861317592968
-431.440400000001,20041.517,0.04466898149276
-427.597800000001,19885.213,0.044476610190422
-423.785300000001,19728.908,0.044284258462488
-420.002900000001,19572.603,0.044091908323204
-416.250500000001,19416.298,0.04389956067562
-412.528300000001,19259.992,0.043707232511856
-408.836200000001,19103.687,0.043514869094251
-405.174200000001,18947.381,0.043322526053855
-401.542300000001,18791.076,0.043130165740974
-397.940500000001,18634.77,0.042937824984135
-394.368700000001,18478.464,0.042745467834493
-390.827100000001,18322.159,0.042553112133859
-387.315600000001,18165.853,0.042360757956697
-383.834200000001,18009.547,0.042168405296605
-380.382800000001,17853.241,0.041976054226237
-376.961600000001,17696.935,0.041783705367662
-373.570500000001,17540.628,0.041591376039483
-370.209400000001,17384.322,0.041399010634512
-366.878500000001,17228.016,0.041206665459366
-363.577700000001,17071.71,0.041014303711776
-360.306900000001,16915.403,0.040821961560629
-357.066300000001,16759.097,0.040629602739443
-353.855700000001,16602.791,0.040437244684705
-350.675300000001,16446.484,0.040244907588305
-347.524900000001,16290.178,0.040052553182425
-344.404700000001,16133.871,0.03986021895786
-341.314500000001,15977.565,0.039667847838287
-338.254400000001,15821.259,0.039475497713036
-335.224500000001,15664.952,0.039283148926534
-332.224600000001,15508.646,0.039090801620714
-329.254800000001,15352.34,0.038898436889669
-326.315100000001,15196.033,0.038706111202439
-323.405500000001,15039.727,0.038513749977139
-320.526000000001,14883.421,0.038321389403245
-317.676600000001,14727.115,0.038129049029078
-314.857300000001,14570.808,0.037936710737332
-312.068100000001,14414.502,0.037744354262931
-309.308900000001,14258.196,0.037551999214057
-306.579900000001,14101.89,0.037359664972407
-303.880900000001,13945.585,0.037167293782948
-301.212100000001,13789.279,0.036974943381381
-298.573300000001,13632.973,0.03678259437102
-295.964700000001,13476.668,0.036590245917351
-293.386100000001,13320.362,0.036397899534155
-290.837600000001,13164.057,0.036205535625882
-288.319200000001,13007.752,0.0360131918401
-285.830900000001,12851.447,0.035820830516163
-283.372700000001,12695.142,0.035628489302161
-280.944600000001,12538.837,0.035436130536928
-278.546500000001,12382.532,0.035243791935452
-276.178600000001,12226.227,0.035051454530752
-273.840700000001,12069.923,0.034859081449504
-271.533000000001,11913.619,0.034666727720297
-269.255300000001,11757.315,0.034474375300064
-267.007700000001,11601.011,0.034282024762462
-264.790200000001,11444.707,0.034089674806007
-262.602800000001,11288.403,0.033897345540696
-260.445500000001,11132.1,0.033704979193803
-258.318200000001,10975.797,0.033512633581114
-256.221100000001,10819.494,0.033320269645989
-254.154000000001,10663.191,0.033127926424523
-252.117000000001,10506.888,0.03293558438712
-250.110100000001,10350.586,0.032743224698069
-248.133300000001,10194.283,0.032550884396309
-246.186600000001,10037.981,0.03235854587613
-244.270000000001,9881.6798,0.032166174620992
-242.383400000001,9725.3782,0.031973830939341
-240.527000000001,9569.077,0.031781480810647
-238.700600000001,9412.7759,0.03158912999745
-236.904300000001,9256.4752,0.031396772784044
-235.138100000001,9100.1747,0.031204432347929
-233.402,8943.8744,0.031012069843109
-231.695900000001,8787.5744,0.030819721690079
-230.020000000001,8631.2747,0.030627368935629
-228.3741,8474.9753,0.030435031092955
-226.7583,8318.6762,0.030242671169132
-225.1726,8162.3773,0.030050322312828
-223.617,8006.0788,0.02985797020038
-222.0914,7849.7805,0.029665621658991
-220.596,7693.4826,0.02947326979957
-219.1306,7537.185,0.029280919607281
-217.6953,7380.8877,0.029088568577888
-216.2901,7224.5907,0.028896218043786
-214.9149,7068.2941,0.028703867261715
-213.5699,6911.9978,0.028511517451968
-212.2549,6755.7019,0.02831916494954
-210.97,6599.4063,0.028126815343469
-209.7152,6443.1111,0.027934464860964
-208.4904,6286.8162,0.027742113547837
-207.2958,6130.5217,0.027549763175991
-206.1312,5974.2275,0.027357413843166
-204.9967,5817.9338,0.027165061724199
-203.8923,5661.6404,0.026972712462382
-202.8179,5505.3475,0.026780360451983
-201.7736,5349.0549,0.026588009902748
-200.7594,5192.7627,0.026395659802954
-199.7753,5036.4709,0.02620330876736
-198.8213,4880.1796,0.0260109591628
-197.8973,4723.8887,0.025818606281296
-197.0034,4567.5982,0.025626256210579
-196.1396,4411.3081,0.025433905656709
-195.3059,4255.0185,0.025241555534745
-194.5022,4098.7293,0.025049204956701
-193.7286,3942.4405,0.024856855272473
-192.9851,3786.1523,0.024664502244296
-192.2716,3629.8644,0.02447215437816
-191.5883,3473.5771,0.024279801689977
-190.935,3317.2902,0.024087451344914
-190.3117,3161.0038,0.02389510047981
-189.7186,3004.7179,0.023702750423876
-189.1555,2848.4324,0.023510401260357
-188.6225,2692.1475,0.02331804917097
-188.1196,2535.8631,0.023125697916119
-187.6467,2379.5792,0.02293334753259
-187.2039,2223.2957,0.022740997970039
-186.7912,2067.0128,0.02254864733859
-186.4085,1910.7305,0.022356295673915
-186.0559,1754.4486,0.022163944810212
-185.7334,1598.1673,0.021971594741063
-185.441,1441.8866,0.021779243576558
-185.1786,1285.6064,0.021586891350922
-184.9463,1129.3267,0.021394542186372
-184.744,973.0476,0.021202191539739
-184.5719,816.7691,0.021009839730991
-184.4298,660.4911,0.020817490992432
-184.3177,504.2137,0.020625140761557
-184.2357,347.9369,0.02043278938813
-184.1838,191.6607,0.020240439130559
-184.162,35.3851,0.020048087332657
-184.1702,-120.8899,0.019855736667917
-184.2085,-277.1643,0.01966338634008
-184.2769,-433.4381,0.019471035203612
-184.3753,-589.7113,0.019278684434759
-184.5038,-745.9839,0.019086334720037
-184.6623,-902.2558,0.018893983838217
-184.8509,-1058.5271,0.018701633277846
-185.0696,-1214.7978,0.018509283740744
-185.3184,-1371.0678,0.018316931097313
-185.5972,-1527.3371,0.018124580684692
-185.906,-1683.6059,0.017932231298258
-186.2449,-1839.8739,0.017739880668382
-186.6139,-1996.1413,0.017547530672274
-187.013,-2152.408,0.017355179419861
-187.4421,-2308.674,0.017162828820698
-187.9013,-2464.9393,0.016970476631943
-188.3905,-2621.2039,0.016778125405461
-188.9098,-2777.4679,0.01658577666286
-189.4591,-2933.7311,0.016393424777561
-190.0385,-3089.9936,0.016201073478887
-190.648,-3246.2554,0.016008722760419
-191.2875,-3402.5165,0.015816372645534
-191.9571,-3558.7769,0.01562402309729
-192.6567,-3715.0365,0.015431672254626
-193.3864,-3871.2954,0.015239322252117
-194.1462,-4027.5535,0.015046970621818
-194.936,-4183.8109,0.01485461955972
-195.7559,-4340.0675,0.014662269030694
-196.6058,-4496.3234,0.014469919055582
-197.4858,-4652.5785,0.014277567985201
-198.3958,-4808.8328,0.014085217181839
-199.3359,-4965.0864,0.01389286688441
-200.306,-5121.3392,0.013700517112304
-201.3062,-5277.5911,0.013508164065032
-202.3365,-5433.8423,0.013315813638316
-203.3968,-5590.0927,0.013123463461363
-204.4871,-5746.3423,0.012931113781145
-205.6075,-5902.591,0.012738762922353
-206.758,-6058.8389,0.012546410394961
-207.9385,-6215.0861,0.012354062343541
-209.149,-6371.3323,0.012161710756313
-210.3896,-6527.5778,0.011969359607165
-211.6603,-6683.8224,0.011777009111542
-212.961,-6840.0661,0.011584658837492
-214.2918,-6996.309,0.011392307312337
-215.6526,-7152.5511,0.011199957885524
-217.0434,-7308.7922,0.011007605323697
-218.4643,-7465.0325,0.010815254832068
-219.9153,-7621.2719,0.010622904931517
-221.3963,-7777.5105,0.010430555231399
-222.9073,-7933.7481,0.010238204236992
-224.448399999999,-8089.9849,0.010045853416316
-226.019599999999,-8246.2207,0.009853501261235
-227.620699999999,-8402.4557,0.009661153078388
-229.251999999999,-8558.6897,0.009468801637904
-230.913199999999,-8714.9228,0.009276450568941
-232.604599999999,-8871.155,0.009084099640427
-234.325899999999,-9027.3863,0.008891749243179
-236.077299999999,-9183.6166,0.008699398997174
-237.858799999999,-9339.846,0.008507047343521
-239.670299999999,-9496.0744,0.008314696007817
-241.511799999999,-9652.3019,0.00812234671341
-243.383399999999,-9808.5285,0.007929997863644
-245.284999999999,-9964.754,0.007737645396493
-247.216699999999,-10120.979,0.007545302772585
-249.178399999999,-10277.202,0.007352939707777
-251.170099999999,-10433.425,0.007160595621293
-253.191899999999,-10589.647,0.006968259462634
-255.243699999999,-10745.867,0.006775885886134
-257.325599999999,-10902.087,0.006583550227691
-259.437499999999,-11058.306,0.006391195855623
-261.579399999999,-11214.523,0.006198841845823
-263.751399999999,-11370.74,0.006006488055437
-265.953399999999,-11526.955,0.005814134379463
-268.185499999999,-11683.17,0.005621781022494
-270.447499999999,-11839.383,0.005429427885407
-272.739699999999,-11995.596,0.005237093670483
-275.061799999999,-12151.807,0.005044722084435
-277.413999999999,-12308.018,0.004852388354687
-279.796199999999,-12464.227,0.004660035878333
-282.208499999999,-12620.435,0.004467683657813
-284.650799999999,-12776.643,0.004275331603344
-287.123099999999,-12932.849,0.004082979630497
-289.625499999999,-13089.054,0.003890627881897
-292.157899999999,-13245.258,0.003698276277546
-294.720299999999,-13401.461,0.003505943583168
-297.312799999999,-13557.663,0.003313592242183
-299.935299999999,-13713.863,0.003121222184338
-302.587799999999,-13870.063,0.002928889864864
-305.270299999999,-14026.261,0.002736520032988
-307.982899999999,-14182.459,0.002544187974892
-310.725499999999,-14338.655,0.002351837126298
-313.498199999999,-14494.85,0.002159467567839
-316.300899999999,-14651.044,0.001967116927567
-319.133599999999,-14807.237,0.00177478516456
-321.996299999999,-14963.428,0.001582415823703
-324.888999999999,-15119.619,0.00139006535234
-327.811799999999,-15275.808,0.001197714957338
-330.764599999999,-15431.996,0.001005364604358
-333.747499999999,-15588.183,0.000813014269042
-336.760299999999,-15744.369,0.000620663981563
-339.803199999999,-15900.554,0.000428313704703
-342.876099999999,-16056.737,0.000235963452245
-345.978999999999,-16212.92,4.36320435636757E-05
-349.111999999999,-16369.101,-0.000148737041495
-352.274999999999,-16525.281,-0.000341068456854
-355.467999999999,-16681.459,-0.000533437557558
-358.690999999999,-16837.637,-0.000725769010011
-361.943999999999,-16993.813,-0.000918138155572
-365.227099999999,-17149.988,-0.001110488491531
-368.540199999999,-17306.162,-0.00130282005132
-371.883299999999,-17462.334,-0.001495189315127
-375.256399999999,-17618.505,-0.00168753982503
-378.659599999999,-17774.675,-0.001879890364417
-382.092699999999,-17930.844,-0.002072241014726
-385.555899999999,-18087.012,-0.002264572862217
-389.049099999999,-18243.178,-0.002456942471402
-392.572399999999,-18399.343,-0.002649274537332
-396.125599999999,-18555.506,-0.002841644338282
-399.708799999999,-18711.669,-0.003033995405424
-403.322099999999,-18867.83,-0.003226346640304
-406.965399999999,-19023.99,-0.003418679098554
-410.638699999999,-19180.148,-0.003611049362705
-414.341999999999,-19336.305,-0.003803400922404
-418.075399999999,-19492.461,-0.00399575261692
-421.838699999999,-19648.615,-0.004188104547354
-425.632099999999,-19804.769,-0.004380437712404
-429.455399999999,-19960.921,-0.004572789889447
-433.308799999999,-20117.071,-0.004765142229893
-437.192199999999,-20273.22,-0.004957494749502
-441.105599999999,-20429.368,-0.005149847455784
-445.048999999999,-20585.515,-0.005342181517119
-449.022399999999,-20741.66,-0.005534534619292
-453.025899999999,-20897.803,-0.005726906758963
-457.059299999999,-21053.946,-0.005919241447591
-461.122799999999,-21210.087,-0.006111595188011
-465.216199999999,-21366.226,-0.006303949171306
-469.339699999999,-21522.364,-0.006496322220595
-473.493199999999,-21678.501,-0.006688657837901
-477.676699999999,-21834.637,-0.006880993708779
-481.890199999999,-21990.771,-0.007073348546411
-486.133699999999,-22146.903,-0.007265703782217
-490.407199999999,-22303.034,-0.007458059294073
-494.710699999999,-22459.164,-0.007650415089487
-499.044199999999,-22615.292,-0.007842771028214
-503.407699999999,-22771.419,-0.008035108570854
-507.801199999999,-22927.545,-0.008227446419634
-512.224699999999,-23083.669,-0.008419803262171
-516.678199999998,-23239.791,-0.008612160580806
-521.161799999998,-23395.912,-0.00880451804559
-525.675299999999,-23552.032,-0.008996857186323
-530.218799999999,-23708.15,-0.009189215336228
-534.792399999999,-23864.267,-0.009381554973772
-539.395899999998,-24020.382,-0.009573913998983
-544.029399999999,-24176.496,-0.009766254367852
-548.692899999999,-24332.608,-0.009958613941661
-553.386399999999,-24488.718,-0.010150974080616
-558.109999999999,-24644.828,-0.010343315555503
-562.863499999999,-24800.935,-0.010535676276868
-567.646999999999,-24957.041,-0.010728018556352
-572.460499999998,-25113.146,-0.010920361239854
-577.303999999998,-25269.249,-0.01111272317312
-582.177499999998,-25425.351,-0.011305066900121
-587.080999999998,-25581.451,-0.011497410627715
-592.014499999998,-25737.549,-0.011689773840448
-596.977999999998,-25893.646,-0.011882118656588
-601.971499999998,-26049.741,-0.012074482759822
-606.994899999998,-26205.835,-0.012266828504673
-612.048399999998,-26361.927,-0.01245917469086
-617.131799999998,-26518.018,-0.012651521372474
-622.245299999999,-26674.107,-0.012843868267752
-627.388699999998,-26830.195,-0.013036215912536
-632.562099999998,-26986.281,-0.01322856380295
-637.765499999998,-27142.365,-0.013420931279001
-642.998899999998,-27298.447,-0.013613280427156
-648.262299999998,-27454.529,-0.013805610994988
-653.555699999998,-27610.608,-0.013997979755648
-658.878999999998,-27766.686,-0.014190330497896
-664.232399999998,-27922.762,-0.014382681482704
-669.615699999998,-28078.837,-0.014575033035113
-675.028999999998,-28234.91,-0.014767366298552
-680.472299999998,-28390.981,-0.014959738074383
-685.945599999998,-28547.051,-0.015152072460822
-691.448899999998,-28703.119,-0.015344426255447
-696.982199999998,-28859.185,-0.015536780628473
-702.545399999998,-29015.25,-0.015729135617037
-708.138599999998,-29171.313,-0.015921472362728
-713.761799999998,-29327.374,-0.016113828243571
-719.414999999998,-29483.433,-0.016306185033502
-725.098199999998,-29639.491,-0.016498542440089
-730.811299999998,-29795.548,-0.016690881665505
-736.554399999998,-29951.602,-0.016883240042094
-742.327499999998,-30107.655,-0.017075580536358
-748.130599999998,-30263.706,-0.017267940189439
-753.963699999998,-30419.755,-0.017460300819106
-759.826699999998,-30575.803,-0.017652642975427
-765.719699999998,-30731.849,-0.017844985795273
-771.642699999998,-30887.893,-0.018037348462279
-777.595599999998,-31043.936,-0.018229692669592
-783.578599999998,-31199.976,-0.018422056365171
-789.591499999998,-31356.015,-0.018614401953095
-795.634399999998,-31512.053,-0.018806748242798
-801.707199999998,-31668.088,-0.018999095277577
-807.810099999998,-31824.122,-0.019191442993717
-813.942899999998,-31980.154,-0.019383791470669
-820.105599999998,-32136.184,-0.019576140717024
-826.298399999998,-32292.212,-0.019768509130211
-832.521099999998,-32448.238,-0.019960859861525
-838.773799999998,-32604.263,-0.020153210968956
-845.056399999998,-32760.286,-0.020345544418507
-851.368999999998,-32916.307,-0.020537897088238
-857.711599999998,-33072.327,-0.020730250920243
-864.084199999998,-33228.344,-0.020922605144616
-870.486699999998,-33384.36,-0.02111494136033
-876.919199999998,-33540.374,-0.021307297607703
-883.381599999998,-33696.385,-0.021499673135358
-889.874099999998,-33852.396,-0.021691992927816
-896.396399999998,-34008.404,-0.021884350878068
-902.948799999998,-34164.41,-0.022076710021824
-909.531099999998,-34320.415,-0.022269051206037
-916.143399999998,-34476.418,-0.022461393231876
-922.785599999998,-34632.418,-0.022653773818655
-929.457799999998,-34788.417,-0.022846117163126
-936.159899999998,-34944.414,-0.023038461842605
-942.892099999998,-35100.409,-0.023230825748117
-949.654099999998,-35256.403,-0.023423153387105
-956.446199999998,-35412.394,-0.023615519094035
-963.268199999998,-35568.383,-0.023807866899937
-970.120099999998,-35724.371,-0.024000215647634
-977.001999999998,-35880.357,-0.024192546466254
-983.913899999998,-36036.34,-0.024384915864967
-990.855699999998,-36192.322,-0.024577267395906
-997.827499999998,-36348.302,-0.02476961985489
-1004.8292,-36504.28,-0.024961953992692
-1011.8609,-36660.255,-0.025154327207929
-1018.9226,-36816.23,-0.02534666370756
-1026.0141,-36972.202,-0.025539000781282
-1033.1357,-37128.171,-0.025731376918243
-1040.2872,-37284.14,-0.025923715923881
-1047.4686,-37440.106,-0.026116055954388
-1054.68,-37596.07,-0.02630841580168
-1061.9214,-37752.032,-0.026500776640186
-1069.1927,-37907.992,-0.026693119694997
-1076.4939,-38063.95,-0.026885482640179
-1083.8251,-38219.906,-0.027077827768029
-1091.1863,-38375.86,-0.02727017391874
-1098.5774,-38531.812,-0.027462539466529
-1105.9984,-38687.762,-0.027654887786292
-1113.4494,-38843.711,-0.027847217796213
-1120.9303,-38999.656,-0.028039586570217
-1128.4412,-39155.6,-0.028231938099219
-1135.982,-39311.542,-0.028424290216379
-1143.5528,-39467.482,-0.02861662457287
-1151.1535,-39623.42,-0.02880897889394
-1158.7841,-39779.356,-0.029001315524903
-1166.4447,-39935.289,-0.029193690913796
-1517.1784,39943.006,0.069193686341538
-1509.5013,39786.833,0.069001329160068
-1501.8543,39630.66,0.068808973151124
-1494.2374,39474.485,0.068616639697623
-1486.6506,39318.31,0.068424271109048
-1479.094,39162.134,0.068231923635811
-1471.5674,39005.957,0.068039578733712
-1464.0709,38849.779,0.06784723626757
-1456.6045,38693.601,0.067654859911996
-1449.1682,38537.421,0.067462522294537
-1441.7621,38381.241,0.067270168170473
-1434.386,38225.06,0.067077817846135
-1427.0401,38068.878,0.066885468533099
-1419.7242,37912.695,0.066693121743556
-1412.4385,37756.511,0.066500778471573
-1405.1828,37600.327,0.066308418904368
-1397.9573,37444.142,0.066116060338388
-1390.7618,37287.956,0.065923705509532
-1383.5965,37131.769,0.065731371713277
-1376.4613,36975.581,0.065539021470504
-1369.3561,36819.393,0.065346673696341
-1362.2811,36663.204,0.065154309338572
-1355.2362,36507.014,0.064961966112834
-1348.2214,36350.823,0.06476962521355
-1341.2367,36194.632,0.064577267834202
-1334.2821,36038.44,0.064384913980217
-1327.3576,35882.247,0.064192561217328
-1320.4632,35726.054,0.064000210754909
-1313.5989,35569.859,0.063807863787867
-1306.7647,35413.664,0.063615517903631
-1299.9606,35257.469,0.063423156693248
-1293.1866,35101.272,0.06323081655188
-1286.4427,34945.075,0.063038458683038
-1279.7289,34788.877,0.062846123061344
-1273.0452,34632.679,0.062653752083335
-1266.3916,34476.48,0.062461402149274
-1259.7681,34320.28,0.062269054450566
-1253.1748,34164.079,0.062076708863953
-1246.6115,34007.878,0.061884365617163
-1240.0783,33851.676,0.061692005783009
-1233.5752,33695.474,0.061499648158229
-1227.1023,33539.271,0.061307293775284
-1220.6594,33383.067,0.06111494054685
-1214.2466,33226.862,0.060922609460134
-1207.8639,33070.657,0.060730260602372
-1201.5114,32914.452,0.060537896142995
-1195.1889,32758.245,0.06034555163029
-1188.8965,32602.038,0.060153210414842
-1182.6343,32445.831,0.059960852432018
-1176.4021,32289.623,0.059768495581368
-1170.2001,32133.414,0.059576141885361
-1164.0281,31977.204,0.059383809239565
-1157.8862,31820.995,0.059191441106469
-1151.7745,31664.784,0.058999093787193
-1145.6928,31508.573,0.058806748691687
-1139.6412,31352.361,0.058614405702116
-1133.6198,31196.149,0.05842204699484
-1127.6284,31039.936,0.058229708194512
-1121.6672,30883.723,0.058037352563993
-1115.736,30727.509,0.057844999123078
-1109.8349,30571.295,0.057652630033176
-1103.964,30415.08,0.057460280621011
-1098.1231,30258.864,0.057267953265027
-1092.3123,30102.648,0.057075609147908
-1086.5317,29946.432,0.056883228275535
-1080.7811,29790.215,0.056690888237172
-1075.0606,29633.998,0.056498531417476
-1069.3703,29477.78,0.056306176512971
-1063.71,29321.561,0.056113842539425
-1058.0798,29165.342,0.055921491764763
-1052.4797,29009.123,0.055729124181988
-1046.9098,28852.903,0.055536777300248
-1041.3699,28696.682,0.055344432512709
-1035.8601,28540.461,0.055152089708042
-1030.3804,28384.24,0.054959731103785
-1024.9308,28228.018,0.054767392241873
-1019.5113,28071.796,0.054575036532303
-1014.1219,27915.573,0.054382683803677
-1008.7626,27759.35,0.054190333018334
-1003.4334,27603.127,0.053997983153086
-998.134300000002,27446.903,0.053805617426612
-992.865300000002,27290.678,0.053613290238966
-987.626400000002,27134.454,0.053420909545016
-982.417600000002,26978.228,0.053228587199777
-977.238900000001,26822.003,0.053036229134024
-972.090200000002,26665.777,0.05284387306593
-966.971700000002,26509.55,0.052651537603019
-961.883300000002,26353.324,0.052459166398881
-956.825000000002,26197.097,0.05226681588701
-951.796700000002,26040.869,0.052074467345778
-946.798600000002,25884.641,0.051882120572307
-941.830500000002,25728.413,0.051689776729333
-936.892600000002,25572.184,0.051497433665064
-931.984700000002,25415.956,0.051305054915179
-927.106900000002,25259.726,0.051112716596543
-922.259200000002,25103.497,0.050920360330275
-917.441700000001,24947.267,0.050728006750475
-912.654200000002,24791.036,0.050535673895001
-907.896800000001,24634.806,0.050343304267478
-903.169500000002,24478.575,0.050150956207258
-898.472300000002,24322.344,0.049958609940936
-893.805200000002,24166.112,0.049766265462117
-889.168200000001,24009.881,0.049573903948145
-884.561200000002,23853.648,0.049381562188011
-879.984400000001,23697.416,0.049189223962715
-875.437700000001,23541.183,0.048996867752596
-870.921000000002,23384.951,0.048804513389545
-866.434500000002,23228.717,0.048612160682986
-861.978000000001,23072.484,0.048419809809976
-857.551600000001,22916.25,0.04822746067221
-853.155300000001,22760.016,0.048035114167895
-848.789100000001,22603.782,0.047842768477802
-844.453000000001,22447.548,0.047650406583104
-840.147000000001,22291.313,0.047458064314916
-835.871100000001,22135.078,0.047265705821742
-831.625300000001,21978.843,0.047073366949863
-827.409600000001,21822.608,0.046880993013915
-823.223900000001,21666.372,0.046688658479771
-819.068400000001,21510.137,0.046496305833059
-814.942900000001,21353.901,0.04630395581649
-810.847500000001,21197.665,0.046111588637093
-806.782200000001,21041.428,0.045919260746597
-802.747000000001,20885.192,0.045726896860764
-798.741900000001,20728.955,0.045534553431821
-794.766900000001,20572.718,0.045342211633824
-790.822000000001,20416.482,0.045149833819966
-786.907100000001,20260.244,0.044957514169364
-783.022400000001,20104.007,0.04476514042728
-779.167700000001,19947.77,0.044572786347834
-775.343200000001,19791.532,0.044380452603546
-771.548700000001,19635.294,0.044188102546207
-767.784300000001,19479.057,0.043995734416957
-764.050000000001,19322.819,0.043803386687403
-760.345700000001,19166.581,0.043611041433611
-756.671600000001,19010.342,0.043418697655961
-753.027500000001,18854.104,0.043226354697852
-749.413600000001,18697.866,0.043033995199568
-745.829700000001,18541.627,0.042841656143203
-742.275900000001,18385.389,0.042649280171356
-738.752200000001,18229.15,0.042456944176498
-735.258600000001,18072.912,0.04226457205598
-731.795000000001,17916.673,0.042072239172634
-728.361600000001,17760.434,0.041879888893489
-724.958200000001,17604.195,0.041687540192832
-721.584900000001,17447.956,0.041495192985021
-718.241700000001,17291.717,0.041302847263651
-714.928600000001,17135.478,0.041110484198835
-711.645600000001,16979.239,0.040918142201642
-708.392600000001,16823,0.04072578215032
-705.169800000001,16666.761,0.040533423482459
-701.977000000001,16510.522,0.040341085168772
-698.814300000001,16354.283,0.040148730234327
-695.681700000001,16198.043,0.039956394805036
-692.579200000001,16041.804,0.039764042734643
-689.506700000001,15885.565,0.039571691414004
-686.464300000001,15729.326,0.039379342255703
-683.452100000001,15573.087,0.039186974867586
-680.469900000001,15416.848,0.038994628520717
-677.517700000001,15260.609,0.038802283641118
-674.595700000001,15104.37,0.038609921250494
-671.703700000001,14948.131,0.038417578415234
-668.841900000001,14791.892,0.038225218783788
-666.010100000001,14635.653,0.038032879418033
-663.208400000001,14479.414,0.03784052258779
-660.436700000001,14323.176,0.037648167183201
-657.695200000001,14166.937,0.037455831881862
-654.983700000001,14010.698,0.037263479166588
-652.302300000001,13854.46,0.037071127786111
-649.651000000001,13698.221,0.03687877842864
-647.029700000001,13541.983,0.036686429764013
-644.438600000001,13385.745,0.036494063518641
-641.877500000001,13229.507,0.036301717477533
-639.346500000001,13073.269,0.036109373418588
-636.845600000001,12917.031,0.035917011144265
-634.374700000001,12760.793,0.035724669053564
-631.933900000001,12604.556,0.035532310086702
-629.523200000001,12448.318,0.035339970550002
-627.142600000001,12292.081,0.035147614116822
-624.792100000001,12135.843,0.034955277108484
-622.471600000001,11979.606,0.034762923248827
-620.181200000001,11823.369,0.034570569979822
-617.920900000001,11667.133,0.034378199772731
-615.690700000001,11510.896,0.034185868451166
-613.490500000001,11354.66,0.033993500759429
-611.320400000001,11198.423,0.033801171303496
-609.180400000001,11042.187,0.033608824868378
-607.070500000001,10885.951,0.033416460807005
-604.990600000001,10729.716,0.033224098004186
-602.940800000001,10573.48,0.03303177404845
-600.921100000001,10417.245,0.032839413617138
-598.931500000001,10261.01,0.032647054361846
-596.971900000001,10104.775,0.032454715166772
-595.042400000001,9948.5407,0.032262345124095
-593.143000000001,9792.3064,0.032070013896741
-591.273600000001,9636.0723,0.031877661283594
-589.434400000001,9479.8384,0.031685306584146
-587.625100000001,9323.6048,0.031492946890676
-585.846000000001,9167.3715,0.031300601448245
-584.096900000001,9011.1384,0.031108253421704
-582.377900000001,8854.9055,0.030915903327595
-580.689000000001,8698.673,0.030723546225028
-579.030200000001,8542.4407,0.030531205290165
-577.401400000001,8386.2087,0.030338849133247
-575.8027,8229.977,0.030146497257035
-574.234000000001,8073.7456,0.029954147084751
-572.695500000001,7917.5145,0.029761795481577
-571.1869,7761.2837,0.029569445617214
-569.7085,7605.0533,0.029377094869705
-568.2601,7448.8231,0.029184744677032
-566.841800000001,7292.5933,0.0289923923139
-565.4536,7136.3638,0.02880004286994
-564.095400000001,6980.1346,0.028607692087442
-562.7673,6823.9058,0.028415340986729
-561.4693,6667.6773,0.028222990902043
-560.2013,6511.4492,0.028030639996574
-558.9634,6355.2214,0.027838290093561
-557.7556,6198.994,0.027645939303369
-556.5778,6042.767,0.027453589037355
-555.4301,5886.5404,0.027261236508097
-554.3125,5730.3141,0.027068886838104
-553.2249,5574.0882,0.026876536305099
-552.1674,5417.8628,0.026684184851287
-551.14,5261.6377,0.026491834353502
-550.1426,5105.413,0.026299484854871
-549.1753,4949.1888,0.026107133023905
-548.238,4792.9649,0.025914783565673
-547.3308,4636.7415,0.025722433153025
-546.4537,4480.5185,0.025530081779517
-545.6066,4324.296,0.025337729486435
-544.7896,4168.0739,0.025145380459245
-544.0027,4011.8522,0.024953029973883
-543.2458,3855.631,0.024760678547843
-542.519,3699.4102,0.024568328473495
-541.8222,3543.19,0.024375976977725
-541.1555,3386.9701,0.024183628240655
-540.5189,3230.7508,0.023991277057639
-539.9123,3074.5319,0.023798926326357
-539.3358,2918.3136,0.02360657456698
-538.7893,2762.0957,0.023414224141667
-538.2729,2605.8783,0.023221874113408
-537.7866,2449.6614,0.023029523470864
-537.3303,2293.4451,0.022837171379341
-536.904,2137.2292,0.02264482246225
-536.5079,1981.0139,0.022452470543302
-536.1418,1824.7991,0.022260120932071
-535.8057,1668.5848,0.022067770696405
-535.4997,1512.3711,0.021875418952523
-535.2237,1356.1579,0.021683068446126
-534.9779,1199.9453,0.021490716789525
-534.762,1043.7332,0.021298367463541
-534.5762,887.5217,0.021106017419104
-534.4205,731.3108,0.020913664361406
-534.2948,575.1004,0.020721315857159
-534.1992,418.8906,0.020528963939335
-534.1337,262.6814,0.020336613145647
-534.0981,106.4728,0.020144263155223
-534.0927,-49.7352,0.019951911963151
-534.1173,-205.9426,0.019759561522096
-534.1719,-362.1494,0.019567211824553
-534.2566,-518.3556,0.019374860577946
-534.3714,-674.5612,0.019182510393026
-534.5162,-830.7661,0.018990159046938
-534.691,-986.9704,0.018797808415763
-534.8959,-1143.1741,0.018605458456947
-535.1309,-1299.3771,0.018413107280451
-535.3959,-1455.5795,0.018220756797788
-535.691,-1611.7812,0.01802840696749
-536.0161,-1767.9822,0.017836054049458
-536.3712,-1924.1826,0.017643703687088
-536.7564,-2080.3824,0.017451353956364
-537.1716,-2236.5814,0.017259002999722
-537.6169,-2392.7798,0.017066652661152
-538.0923,-2548.9774,0.016874301050563
-538.5977,-2705.1744,0.016681951960298
-539.1331,-2861.3707,0.016489601615504
-539.6986,-3017.5662,0.016297249977953
-540.2941,-3173.7611,0.016104898955244
-540.9197,-3329.9552,0.015912548809664
-541.5753,-3486.1486,0.015720197077538
-542.261,-3642.3413,0.015527847792907
-542.9767,-3798.5332,0.015335495327106
-543.7224,-3954.7244,0.015143145323764
-544.4982,-4110.9149,0.014950795863499
-545.3041,-4267.1046,0.014758445056154
-546.1399,-4423.2935,0.014566093224583
-547.0059,-4579.4817,0.014373743493994
-547.9018,-4735.6691,0.014181392449748
-548.8278,-4891.8557,0.013989041914282
-549.7839,-5048.0416,0.013796691881178
-550.77,-5204.2266,0.013604340742168
-551.7861,-5360.4109,0.013411989857299
-552.8323,-5516.5943,0.013219637570295
-553.9085,-5672.777,0.013027287666826
-555.0147,-5828.9588,0.012834936371828
-556.151,-5985.1399,0.012642587421541
-557.3173,-6141.3201,0.012450237299975
-558.5137,-6297.4995,0.012257887387593
-559.7401,-6453.678,0.012065536055075
-560.9965,-6609.8557,0.011873185178707
-562.283,-6766.0326,0.011680834949031
-563.5995,-6922.2086,0.011488484937536
-564.9461,-7078.3837,0.011296131571472
-566.3227,-7234.558,0.011103782400608
-567.7293,-7390.7314,0.010911431971538
-569.1659,-7546.904,0.010719081745829
-570.6326,-7703.0756,0.010526730021489
-572.1294,-7859.2464,0.010334378675927
-573.6561,-8015.4163,0.010142029624776
-575.2129,-8171.5853,0.009949679241716
-576.7997,-8327.7533,0.009757327160186
-578.416599999999,-8483.9205,0.009564977313421
-580.063499999999,-8640.0868,0.009372625944954
-581.740399999999,-8796.2521,0.009180275104076
-583.4473,-8952.4165,0.008987924433758
-585.184299999999,-9108.58,0.008795574086494
-586.951299999999,-9264.7425,0.0086032221882
-588.748399999999,-9420.9041,0.008410872483259
-590.5755,-9577.0648,0.008218523251696
-592.432599999999,-9733.2244,0.008026170404961
-594.319699999999,-9889.3832,0.00783382162951
-596.236899999999,-10045.541,0.0076414712518
-598.184099999999,-10201.698,0.007449124931097
-600.161299999999,-10357.853,0.007256758169339
-602.168499999999,-10514.008,0.007064418189336
-604.205799999999,-10670.162,0.006872063255245
-606.273099999999,-10826.315,0.006679708581062
-608.370399999999,-10982.467,0.00648737299828
-610.497799999999,-11138.618,0.006295018809554
-612.655099999999,-11294.767,0.006102664870432
-614.842499999999,-11450.916,0.005910311150049
-617.059899999999,-11607.064,0.005717957652758
-619.307399999999,-11763.211,0.005525623199749
-621.584899999999,-11919.356,0.005333251277319
-623.892399999999,-12075.501,0.005140917234437
-626.229899999999,-12231.645,0.004948564546207
-628.597399999999,-12387.787,0.004756212044248
-630.994999999999,-12543.929,0.004563859798436
-633.422599999999,-12700.069,0.004371507634999
-635.880199999999,-12856.209,0.0041791555573
-638.367799999999,-13012.347,0.003986803718919
-640.885399999999,-13168.484,0.003794452029992
-643.433099999999,-13324.62,0.003602100476222
-646.010799999999,-13480.755,0.003409749057613
-648.618499999999,-13636.889,0.003217397766654
-651.256199999999,-13793.022,0.003025046595838
-653.923899999999,-13949.154,0.002832714376977
-656.621699999999,-14105.284,0.002640344579622
-659.349399999999,-14261.414,0.002448012517763
-662.107199999999,-14417.542,0.002255642912822
-664.894999999999,-14573.669,0.002063292230543
-667.712799999999,-14729.795,0.001870941624076
-670.560699999999,-14885.92,0.001678591082751
-673.438499999999,-15042.044,0.001486240577745
-676.346399999999,-15198.167,0.001293908994592
-679.284299999999,-15354.288,0.001101539779177
-682.252099999999,-15510.408,0.00090918942672
-685.249999999999,-15666.528,0.000716857963815
-688.277999999999,-15822.645,0.00052448884511
-691.335899999999,-15978.762,0.000332138577355
-694.423799999999,-16134.878,0.000139807167833
-697.541799999999,-16290.992,-5.25619179474943E-05
-700.689699999999,-16447.105,-0.000244912167498
-703.867699999999,-16603.217,-0.000437262421559
-707.075699999999,-16759.328,-0.000629612700591
-710.313599999999,-16915.437,-0.000821962993552
-713.581599999999,-17071.546,-0.001014294493176
-716.879599999999,-17227.653,-0.001206644852344
-720.207699999999,-17383.758,-0.001399014091402
-723.565699999999,-17539.863,-0.001591364573985
-726.953699999999,-17695.966,-0.001783715088376
-730.371699999999,-17852.068,-0.00197606566844
-733.819799999999,-18008.169,-0.002168416317602
-737.297799999999,-18164.269,-0.002360748256309
-740.805899999999,-18320.367,-0.002553117916245
-744.343899999999,-18476.464,-0.002745468836993
-747.911999999999,-18632.559,-0.002937819855426
-751.509999999999,-18788.654,-0.003130170989759
-755.138099999999,-18944.747,-0.00332252223607
-758.796099999999,-19100.839,-0.003514873614023
-762.484199999999,-19256.929,-0.003707225118247
-766.202299999999,-19413.018,-0.00389957676251
-769.950299999999,-19569.106,-0.00409192856203
-773.728399999999,-19725.193,-0.004284261670036
-777.536499999999,-19881.278,-0.004476613779847
-781.374499999999,-20037.362,-0.004668966068529
-785.242599999999,-20193.444,-0.004861337273953
-789.140699999999,-20349.526,-0.005053671074079
-793.068699999999,-20505.605,-0.005246023915865
-797.026799999999,-20661.684,-0.00543837694824
-801.014899999999,-20817.761,-0.005630730082153
-805.032899999999,-20973.837,-0.005823064705541
-809.080999999999,-21129.911,-0.00601541826673
-813.158999999999,-21285.984,-0.006207772179461
-817.267099999999,-21442.055,-0.00640014503695
-821.405099999999,-21598.126,-0.006592480590946
-825.573099999999,-21754.195,-0.006784816270563
-829.771099999999,-21910.262,-0.006977171042825
-833.999199999999,-22066.328,-0.007169526197811
-838.257199999999,-22222.392,-0.007361881503169
-842.545199999999,-22378.456,-0.007554218245848
-846.863199999999,-22534.517,-0.007746593095874
-851.211199999999,-22690.577,-0.00793894925592
-855.589099999999,-22846.636,-0.008131286891213
-859.997099999999,-23002.694,-0.008323624817821
-864.434999999999,-23158.75,-0.008515981912969
-868.902999999999,-23314.804,-0.008708339313664
-873.400899999998,-23470.857,-0.008900697059864
-877.928799999999,-23626.909,-0.009093036133107
-882.486799999999,-23782.959,-0.009285375701081
-887.074599999999,-23939.007,-0.009477753333196
-891.692499999999,-24095.054,-0.009670093630207
-896.340399999999,-24251.1,-0.009862434108487
-901.018199999998,-24407.144,-0.010054794000909
-905.726099999998,-24563.187,-0.010247135418356
-910.463899999998,-24719.228,-0.010439495886767
-915.231699999999,-24875.267,-0.010631856745685
-920.029499999998,-25031.305,-0.010824199368237
-924.857299999998,-25187.342,-0.011016542196095
-929.714999999998,-25343.377,-0.011208904296391
-934.602799999998,-25499.411,-0.011401229334907
-939.520499999998,-25655.442,-0.011593611126704
-944.468199999998,-25811.473,-0.011785936840419
-949.445899999999,-25967.502,-0.011978281836132
-954.453499999998,-26123.529,-0.01217064614415
-959.491199999999,-26279.555,-0.012362992050436
-964.558799999998,-26435.579,-0.012555338446763
-969.656399999998,-26591.601,-0.012747704155581
-974.783899999999,-26747.622,-0.012940051532991
-979.941499999998,-26903.642,-0.013132399128622
-985.128999999998,-27059.659,-0.013324747490276
-990.346499999998,-27215.676,-0.013517096357306
-995.593999999998,-27371.69,-0.013709464316579
-1000.8714,-27527.703,-0.013901795401821
-1006.1789,-27683.714,-0.014094164398774
-1011.5163,-27839.724,-0.014286515382361
-1016.8836,-27995.732,-0.014478866664096
-1022.281,-28151.739,-0.014671199625442
-1027.7083,-28307.743,-0.014863570840934
-1033.1656,-28463.747,-0.015055905225059
-1038.6528,-28619.748,-0.015248258762359
-1044.1701,-28775.748,-0.015440612845943
-1049.7173,-28931.746,-0.015632967246628
-1055.2944,-29087.743,-0.01582530372135
-1060.9016,-29243.737,-0.016017678438592
-1066.5387,-29399.731,-0.016209997280879
-1072.2058,-29555.722,-0.01640235441076
-1077.9028,-29711.712,-0.016594711880416
-1083.6298,-29867.7,-0.016787051451688
-1089.3868,-30023.686,-0.016979410176768
-1095.1737,-30179.671,-0.017171769571325
-1100.9906,-30335.654,-0.017364111101794
-1106.8375,-30491.635,-0.017556471798258
-1112.7143,-30647.615,-0.017748814352094
-1118.6211,-30803.592,-0.017941176411025
-1124.5579,-30959.568,-0.018133520309756
-1130.5246,-31115.543,-0.018325864926748
-1136.5213,-31271.515,-0.01851822907188
-1142.5479,-31427.486,-0.018710575115498
-1148.6045,-31583.455,-0.018902921866822
-1154.6911,-31739.422,-0.019095268973635
-1160.8076,-31895.388,-0.019287617195598
-1166.9541,-32051.351,-0.019479984617366
-1173.1305,-32207.313,-0.019672334342094
-1179.3369,-32363.273,-0.019864684439288
-1185.5733,-32519.232,-0.020057016447812
-1191.8396,-32675.188,-0.020249387301609
-1198.1359,-32831.143,-0.020441720869167
-1204.4621,-32987.096,-0.020634074081314
-1210.8182,-33143.047,-0.020826428111101
-1217.2044,-33298.996,-0.021018782491978
-1223.6205,-33454.944,-0.021211119263395
-1230.0665,-33610.889,-0.021403475712016
-1236.5425,-33766.833,-0.021595832970511
-1243.0484,-33922.775,-0.021788171842054
-1249.5843,-34078.715,-0.021980530366964
-1256.1502,-34234.653,-0.022172871300656
-1262.7459,-34390.589,-0.02236523157276
-1269.3717,-34546.524,-0.022557573810081
-1276.0274,-34702.456,-0.022749935774043
-1282.713,-34858.387,-0.022942279804104
-1289.4286,-35014.316,-0.023134624699882
-1296.1741,-35170.243,-0.023326970512824
-1302.9496,-35326.168,-0.023519336041406
-1309.755,-35482.091,-0.023711683669332
-1316.5904,-35638.012,-0.023904031744143
-1323.4557,-35793.931,-0.024096381215702
-1330.351,-35949.848,-0.024288749976477
-1337.2762,-36105.764,-0.024481082028847
-1344.2313,-36261.677,-0.024673452716604
-1351.2164,-36417.589,-0.024865786666649
-1358.2314,-36573.498,-0.025058159268176
-1365.2764,-36729.406,-0.025250495148082
-1372.3513,-36885.312,-0.025442832028951
-1379.4562,-37041.215,-0.025635207537508
-1386.591,-37197.117,-0.025827546396876
-1393.7557,-37353.017,-0.026019885792108
-1400.9504,-37508.915,-0.026212244998248
-1408.175,-37664.81,-0.026404605736805
-1415.4295,-37820.704,-0.026596948192472
-1422.714,-37976.596,-0.026789291650072
-1430.0284,-38132.486,-0.026981655000477
-1437.3727,-38288.374,-0.027174000587088
-1444.747,-38444.26,-0.027366347199587
-1452.1512,-38600.143,-0.027558713729634
-1459.5854,-38756.025,-0.027751043114052
-1467.0495,-38911.905,-0.027943392951595
-1474.5435,-39067.783,-0.028135743369486
-1482.0674,-39223.658,-0.028328113730903
-1489.6213,-39379.532,-0.028520448032414
-1497.2051,-39535.403,-0.028712801760288
-1504.8188,-39691.273,-0.028905156624879
-1512.4625,-39847.14,-0.029097512579965
-1520.1361,-40003.005,-0.029289869136492