49386,51637,0,0
-13014.46,44522.572,0.069345076,3
-13006.829,44367.064,0.069173588,7
-12999.225,44211.555,0.069002104,11
-12991.648,44056.046,0.068830596,16
-12984.097,43900.536,0.068659119,20
-12976.573,43745.025,0.068487615,24
-12969.076,43589.514,0.068316138,27
-12961.606,43434.001,0.068144664,31
-12954.162,43278.488,0.067973167,36
-12946.745,43122.974,0.067801697,39
-12939.355,42967.46,0.067630203,43
-12931.991,42811.945,0.067458737,48
-12924.654,42656.429,0.067287248,51
-12917.344,42500.912,0.067115759,56
-12910.061,42345.395,0.066944248,60
-12902.804,42189.876,0.066772765,64
-12895.574,42034.358,0.066601283,67
-12888.371,41878.838,0.066429803,71
-12881.194,41723.318,0.066258326,76
-12874.045,41567.797,0.066086824,80
-12866.922,41412.275,0.065915351,83
-12859.825,41256.753,0.065743853,87
-12852.756,41101.23,0.065572382,91
-12845.713,40945.707,0.065400888,96
-12838.697,40790.182,0.065229422,99
-12831.707,40634.657,0.065057931,104
-12824.745,40479.132,0.064886442,107
-12817.809,40323.605,0.064714957,111
-12810.899,40168.079,0.064543447,116
-12804.017,40012.551,0.064371965,119
-12797.161,39857.023,0.064200483,123
-12790.332,39701.494,0.064029004,128
-12783.53,39545.964,0.063857501,132
-12776.754,39390.434,0.063686027,136
-12770.005,39234.904,0.063514555,139
-12763.283,39079.372,0.063343057,144
-12756.588,38923.84,0.063171562,147
-12749.919,38768.308,0.063000093,152
-12743.277,38612.775,0.062828603,156
-12736.662,38457.241,0.062657112,159
-12730.073,38301.707,0.062485625,163
-12723.511,38146.171,0.062314138,168
-12716.976,37990.636,0.062142653,171
-12710.468,37835.1,0.061971171,176
-12703.986,37679.563,0.061799691,180
-12697.531,37524.026,0.061628212,184
-12691.103,37368.488,0.06145671,187
-12684.701,37212.95,0.061285208,192
-12678.327,37057.411,0.061113736,195
-12671.979,36901.871,0.060942238,200
-12665.657,36746.331,0.060770767,203
-12659.363,36590.791,0.060599274,208
-12653.095,36435.25,0.060427782,211
-12646.854,36279.708,0.060256318,216
-12640.639,36124.166,0.060084829,219
-12634.452,35968.623,0.059913342,224
-12628.291,35813.08,0.059741858,228
-12622.156,35657.536,0.059570374,231
-12616.049,35501.992,0.059398893,235
-12609.968,35346.447,0.059227387,239
-12603.914,35190.902,0.059055908,244
-12597.887,35035.356,0.058884432,248
-12591.886,34879.81,0.058712932,252
-12585.912,34724.263,0.058541459,256
-12579.965,34568.716,0.058369963,259
-12574.044,34413.168,0.058198493,264
-12568.15,34257.62,0.058026999,267
-12562.283,34102.071,0.057855508,272
-12556.443,33946.522,0.057684018,276
-12550.629,33790.973,0.057512531,279
-12544.843,33635.422,0.057341069,284
-12539.082,33479.872,0.057169559,288
-12533.349,33324.321,0.056998074,291
-12527.642,33168.77,0.056826592,296
-12521.962,33013.218,0.056655113,299
-12516.309,32857.666,0.056483636,303
-12510.682,32702.113,0.056312132,307
-12505.082,32546.56,0.056140658,312
-12499.509,32391.006,0.055969184,316
-12493.963,32235.452,0.055797685,320
-12488.443,32079.898,0.05562619,323
-12482.95,31924.343,0.055454722,328
-12477.484,31768.788,0.055283229,332
-12472.044,31613.232,0.055111738,335
-12466.632,31457.677,0.054940248,339
-12461.246,31302.12,0.054768762,343
-12455.886,31146.564,0.054597275,347
-12450.553,30991.006,0.054425791,351
-12445.247,30835.449,0.054254307,355
-12439.968,30679.891,0.054082825,359
-12434.716,30524.333,0.053911346,364
-12429.49,30368.774,0.053739843,367
-12424.291,30213.215,0.053568366,371
-12419.119,30057.656,0.05339689,375
-12413.973,29902.097,0.053225391,380
-12408.854,29746.537,0.053053918,384
-12403.762,29590.976,0.052882422,388
-12398.696,29435.416,0.052710929,392
-12393.657,29279.855,0.05253946,396
-12388.645,29124.294,0.052367968,399
-12383.66,28968.732,0.052196479,403
-12378.701,28813.17,0.052024991,407
-12373.77,28657.608,0.051853504,412
-12368.864,28502.045,0.051682018,416
-12363.986,28346.483,0.051510535,419
-12359.134,28190.919,0.051339052,423
-12354.309,28035.356,0.051167545,427
-12349.511,27879.792,0.050996065,431
-12344.739,27724.228,0.050824588,435
-12339.994,27568.664,0.050653086,440
-12335.276,27413.1,0.050481612,444
-12330.585,27257.535,0.050310137,447
-12325.92,27101.97,0.050138639,451
-12321.282,26946.405,0.049967144,456
-12316.671,26790.839,0.049795675,459
-12312.086,26635.273,0.049624179,463
-12307.528,26479.707,0.049452688,468
-12302.997,26324.141,0.049281198,472
-12298.493,26168.574,0.049109709,475
-12294.015,26013.007,0.048938222,479
-12289.564,25857.441,0.048766761,483
-12285.139,25701.873,0.048595277,488
-12280.742,25546.306,0.048423792,492
-12276.371,25390.738,0.048252311,496
-12272.027,25235.17,0.048080831,499
-12267.709,25079.602,0.047909327,503
-12263.418,24924.034,0.047737848,508
-12259.155,24768.466,0.047566373,511
-12254.917,24612.897,0.047394872,515
-12250.707,24457.328,0.047223398,519
-12246.523,24301.759,0.047051901,524
-12242.365,24146.19,0.046880403,527
-12238.235,23990.621,0.046708934,531
-12234.131,23835.051,0.046537441,536
-12230.054,23679.482,0.046365948,540
-12226.004,23523.912,0.046194457,543
-12221.98,23368.342,0.046022967,548
-12217.983,23212.772,0.04585148,551
-12214.013,23057.201,0.045679992,556
-12210.07,22901.631,0.045508506,560
-12206.153,22746.06,0.045337048,563
-12202.263,22590.49,0.045165564,567
-12198.399,22434.919,0.044994084,572
-12194.563,22279.348,0.044822577,576
-12190.753,22123.777,0.044651098,579
-12186.97,21968.206,0.044479621,584
-12183.213,21812.635,0.044308118,588
-12179.483,21657.063,0.044136643,592
-12175.78,21501.492,0.043965143,596
-12172.104,21345.92,0.043793671,600
-12168.454,21190.349,0.043622174,604
-12164.831,21034.777,0.043450678,607
-12161.235,20879.205,0.043279209,612
-12157.665,20723.633,0.043107716,615
-12154.122,20568.061,0.042936224,619
-12150.606,20412.489,0.04276476,623
-12147.117,20256.917,0.04259327,627
-12143.654,20101.345,0.042421783,631
-12140.218,19945.773,0.042250295,636
-12136.809,19790.2,0.042078809,639
-12133.426,19634.628,0.041907325,643
-12130.07,19479.056,0.041735841,648
-12126.741,19323.484,0.041564359,651
-12123.439,19167.911,0.041392853,656
-12120.163,19012.339,0.041221373,660
-12116.914,18856.766,0.041049896,663
-12113.692,18701.194,0.040878391,668
-12110.496,18545.622,0.040706942,672
-12107.327,18390.049,0.040535441,676
-12104.185,18234.477,0.040363968,680
-12101.069,18078.904,0.04019247,683
-12097.98,17923.332,0.040020972,687
-12094.918,17767.759,0.039849502,691
-12091.883,17612.187,0.039678008,695
-12088.874,17456.614,0.039506515,699
-12085.892,17301.042,0.039335022,703
-12082.937,17145.47,0.039163531,707
-12080.008,16989.897,0.038992041,711
-12077.106,16834.325,0.038820551,716
-12074.231,16678.753,0.03864909,720
-12071.383,16523.181,0.038477604,723
-12068.561,16367.609,0.038306117,727
-12065.766,16212.037,0.038134633,731
-12062.997,16056.465,0.03796315,735
-12060.256,15900.893,0.037791668,740
-12057.541,15745.321,0.03762016,744
-12054.853,15589.749,0.037448681,748
-12052.191,15434.177,0.037277202,752
-12049.556,15278.606,0.037105699,756
-12046.948,15123.034,0.036934248,759
-12044.367,14967.463,0.036762746,764
-12041.812,14811.892,0.036591272,768
-12039.284,14656.32,0.036419773,772
-12036.782,14500.749,0.0362483,775
-12034.308,14345.178,0.036076804,780
-12031.86,14189.608,0.035905308,784
-12029.439,14034.037,0.035733812,788
-12027.044,13878.466,0.035562345,792
-12024.676,13722.896,0.035390852,796
-12022.335,13567.325,0.035219385,800
-12020.021,13411.755,0.035047894,804
-12017.733,13256.185,0.034876404,807
-12015.472,13100.615,0.034704916,811
-12013.237,12945.045,0.034533429,816
-12011.03,12789.476,0.034361942,819
-12008.849,12633.906,0.034190456,824
-12006.695,12478.337,0.034018971,828
-12004.567,12322.768,0.033847461,831
-12002.466,12167.199,0.033676004,836
-12000.392,12011.63,0.033504523,839
-11998.345,11856.062,0.033333042,844
-11996.324,11700.493,0.033161537,847
-11994.33,11544.925,0.032990058,852
-11992.362,11389.357,0.032818554,856
-11990.422,11233.789,0.032647077,860
-11988.508,11078.222,0.032475576,864
-11986.621,10922.654,0.032304126,868
-11984.76,10767.087,0.032132626,872
-11982.926,10611.52,0.031961154,875
-11981.119,10455.954,0.031789656,879
-11979.338,10300.387,0.031618159,883
-11977.585,10144.821,0.031446688,888
-11975.858,9989.2552,0.031275193,891
-11974.157,9833.6894,0.031103699,895
-11972.483,9678.124,0.030932232,899
-11970.836,9522.5588,0.030760739,903
-11969.216,9366.9938,0.030589248,907
-11967.622,9211.4291,0.030417757,911
-11966.055,9055.8647,0.030246293,915
-11964.515,8900.3006,0.030074804,919
-11963.002,8744.7367,0.02990329,924
-11961.515,8589.1732,0.029731804,928
-11960.055,8433.6099,0.029560343,932
-11958.621,8278.0469,0.029388858,936
-11957.214,8122.4842,0.029217373,940
-11955.834,7966.9218,0.02904589,943
-11954.481,7811.3597,0.028874381,948
-11953.154,7655.7979,0.028702899,952
-11951.854,7500.2364,0.028531418,955
-11950.581,7344.6753,0.028359912,960
-11949.334,7189.1145,0.028188458,963
-11948.114,7033.554,0.028016979,967
-11946.921,6877.9938,0.027845477,972
-11945.754,6722.434,0.027673999,976
-11944.615,6566.8745,0.027502497,979
-11943.501,6411.3154,0.027331022,983
-11942.415,6255.7566,0.027159522,988
-11941.355,6100.1981,0.026988048,991
-11940.322,5944.6401,0.026816575,996
-11939.316,5789.0824,0.026645077,999
-11938.336,5633.525,0.02647358,1004
-11937.383,5477.9681,0.02630211,1007
-11936.456,5322.4115,0.026130614,1012
-11935.557,5166.8553,0.025959119,1016
-11934.684,5011.2995,0.025787651,1020
-11933.837,4855.7441,0.025616158,1023
-11933.018,4700.1891,0.025444691,1027
-11932.225,4544.6345,0.025273199,1031
-11931.459,4389.0803,0.025101708,1035
-11930.719,4233.5265,0.024930217,1040
-11930.006,4077.9731,0.024758728,1044
-11929.32,3922.4201,0.024587265,1048
-11928.661,3766.8676,0.024415776,1052
-11928.028,3611.3155,0.024244289,1056
-11927.422,3455.7638,0.024072777,1060
-11926.842,3300.2126,0.02390129,1064
-11926.289,3144.6618,0.023729805,1068
-11925.763,2989.1115,0.023558321,1071
-11925.264,2833.5616,0.023386862,1075
-11924.791,2678.0122,0.023215354,1080
-11924.345,2522.4632,0.023043871,1084
-11923.926,2366.9147,0.022872389,1087
-11923.533,2211.3667,0.022700908,1092
-11923.167,2055.8191,0.022529401,1096
-11922.828,1900.272,0.022357947,1100
-11922.515,1744.7254,0.022186442,1103
-11922.229,1589.1793,0.022014964,1108
-11921.97,1433.6337,0.021843486,1112
-11921.738,1278.0886,0.021671983,1116
-11921.532,1122.544,0.021500506,1119
-11921.353,966.9999,0.021329004,1123
-11921.2,811.4563,0.021157528,1128
-11921.074,655.9132,0.020986054,1132
-11920.975,500.3707,0.020814554,1135
-11920.903,344.8287,0.02064308,1139
-11920.857,189.2872,0.020471581,1143
-11920.838,33.7462,0.020300084,1147
-11920.845,-121.7942,0.020128637,1152
-11920.879,-277.3341,0.019957141,1156
-11920.94,-432.8734,0.019785644,1159
-11921.028,-588.4122,0.019614148,1164
-11921.142,-743.9504,0.019442653,1168
-11921.283,-899.4881,0.019271184,1171
-11921.451,-1055.0251,0.019099716,1176
-11921.645,-1210.5617,0.018928223,1180
-11921.866,-1366.0976,0.01875673,1184
-11922.114,-1521.633,0.018585237,1187
-11922.388,-1677.1677,0.018413745,1191
-11922.689,-1832.7019,0.018242253,1196
-11923.017,-1988.2355,0.018070763,1199
-11923.371,-2143.7685,0.017899299,1203
-11923.752,-2299.3009,0.017727809,1207
-11924.16,-2454.8327,0.01755632,1211
-11924.594,-2610.3638,0.017384831,1215
-11925.055,-2765.8944,0.017213343,1219
-11925.543,-2921.4243,0.017041855,1224
-11926.057,-3076.9536,0.016870394,1228
-11926.598,-3232.4823,0.016698907,1232
-11927.166,-3388.0103,0.01652742,1236
-11927.76,-3543.5377,0.016355909,1240
-11928.381,-3699.0645,0.016184424,1243
-11929.029,-3854.5906,0.016012939,1248
-11929.704,-4010.116,0.015841481,1252
-11930.405,-4165.6408,0.015669997,1256
-11931.132,-4321.1649,0.015498488,1259
-11931.887,-4476.6884,0.015327005,1263
-11932.668,-4632.2112,0.015155522,1268
-11933.476,-4787.7333,0.014984014,1271
-11934.31,-4943.2547,0.014812558,1275
-11935.171,-5098.7754,0.014641078,1279
-11936.059,-5254.2955,0.014469571,1284
-11936.974,-5409.8149,0.014298091,1287
-11937.915,-5565.3335,0.014126611,1291
-11938.882,-5720.8515,0.013955131,1296
-11939.877,-5876.3687,0.013783652,1300
-11940.898,-6031.8852,0.013612148,1303
-11941.946,-6187.401,0.013440669,1308
-11943.02,-6342.9161,0.013269166,1311
-11944.121,-6498.4305,0.013097688,1316
-11945.249,-6653.9441,0.012926211,1320
-11946.404,-6809.457,0.012754734,1323
-11947.585,-6964.9692,0.012583232,1327
-11948.793,-7120.4806,0.012411756,1331
-11950.027,-7275.9913,0.012240255,1336
-11951.288,-7431.5012,0.012068779,1339
-11952.576,-7587.0103,0.011897305,1344
-11953.89,-7742.5187,0.011725805,1348
-11955.231,-7898.0263,0.01155433,1352
-11956.599,-8053.5332,0.011382831,1356
-11957.994,-8209.0392,0.011211331,1360
-11959.415,-8364.5445,0.011039858,1364
-11960.863,-8520.049,0.010868385,1367
-11962.337,-8675.5527,0.010696887,1371
-11963.838,-8831.0556,0.010525415,1375
-11965.366,-8986.5577,0.010353917,1380
-11966.92,-9142.059,0.01018242,1383
-11968.501,-9297.5595,0.010010948,1388
-11970.109,-9453.0592,0.0098394772,1392
-11971.744,-9608.5581,0.0096679808,1396
-11973.405,-9764.0561,0.0094964844,1399
-11975.092,-9919.5533,0.0093249885,1403
-11976.807,-10075.05,0.0091535187,1408
-11978.548,-10230.545,0.0089820489,1411
-11980.315,-10386.04,0.0088105537,1416
-11982.11,-10541.534,0.0086390587,1419
-11983.931,-10697.027,0.0084675642,1423
-11985.778,-10852.519,0.0082960697,1428
-11987.653,-11008.01,0.0081246015,1431
-11989.554,-11163.501,0.0079531332,1436
-11991.481,-11318.99,0.0077816396,1440
-11993.435,-11474.479,0.0076101461,1444
-11995.416,-11629.967,0.0074386528,1447
-11997.424,-11785.454,0.0072671599,1452
-11999.458,-11940.94,0.0070956929,1456
-12001.519,-12096.425,0.0069242002,1460
-12003.607,-12251.909,0.0067527078,1464
-12005.721,-12407.392,0.0065812156,1467
-12007.862,-12562.875,0.0064097495,1472
-12010.029,-12718.356,0.0062382575,1475
-12012.224,-12873.837,0.0060667918,1479
-12014.444,-13029.317,0.0058953003,1484
-12016.692,-13184.796,0.0057238091,1488
-12018.966,-13340.273,0.0055523179,1492
-12021.267,-13495.75,0.0053808269,1495
-12023.594,-13651.226,0.005209362,1499
-12025.948,-13806.701,0.0050378713,1503
-12028.329,-13962.175,0.0048663808,1507
-12030.737,-14117.649,0.0046948904,1511
-12033.171,-14273.121,0.0045234002,1515
-12035.631,-14428.592,0.0043519101,1520
-12038.119,-14584.062,0.004180446,1523
-12040.633,-14739.531,0.0040089561,1527
-12043.173,-14895,0.0038374665,1531
-12045.74,-15050.467,0.0036659768,1535
-12048.334,-15205.934,0.0034944873,1539
-12050.955,-15361.399,0.0033229979,1544
-12053.602,-15516.863,0.0031515087,1547
-12056.276,-15672.327,0.0029800194,1551
-12058.977,-15827.789,0.0028085302,1556
-12061.704,-15983.25,0.0026370413,1560
-12064.458,-16138.711,0.0024655523,1564
-12067.238,-16294.17,0.0022940893,1568
-12070.045,-16449.628,0.0021226004,1572
-12072.879,-16605.086,0.0019511117,1576
-12075.739,-16760.542,0.0017796229,1580
-12078.626,-16915.997,0.0016081343,1584
-12081.54,-17071.451,0.0014366716,1588
-12084.48,-17226.905,0.001265183,1591
-12087.447,-17382.357,0.0010936945,1596
-12090.441,-17537.808,0.00092220599,1600
-12093.461,-17693.258,0.00075069166,1603
-12096.508,-17848.707,0.00057920323,1607
-12099.582,-18004.155,0.00040774064,1611
-12102.682,-18159.602,0.00023625223,1616
-12105.809,-18315.047,6.4763825e-05,1619
-12108.962,-18470.492,-0.00010672458,2305
-12112.142,-18625.935,-0.00027821299,2301
-12115.349,-18781.378,-0.00044967555,2298
-12118.582,-18936.819,-0.00062116399,2293
-12121.842,-19092.26,-0.00079265242,2289
-12125.129,-19247.699,-0.0009641409,2286
-12128.442,-19403.137,-0.0011356294,2282
-12131.782,-19558.574,-0.0013071438,2278
-12135.149,-19714.01,-0.0014786065,2273
-12138.542,-19869.445,-0.0016500951,2269
-12141.962,-20024.878,-0.0018215838,2265
-12145.408,-20180.311,-0.0019930725,2261
-12148.881,-20335.742,-0.0021645612,2257
-12152.381,-20491.172,-0.0023360242,2253
-12155.908,-20646.601,-0.0025075132,2249
-12159.461,-20802.029,-0.0026790022,2246
-12163.04,-20957.456,-0.0028504912,2242
-12166.647,-21112.882,-0.0030219804,2238
-12170.28,-21268.306,-0.0031934696,2234
-12173.939,-21423.73,-0.0033649331,2229
-12177.625,-21579.152,-0.0035364225,2225
-12181.338,-21734.573,-0.003707912,2221
-12185.077,-21889.992,-0.0038794016,2218
-12188.844,-22045.411,-0.0040509172,2213
-12192.636,-22200.828,-0.0042223813,2210
-12196.456,-22356.245,-0.0043938712,2206
-12200.302,-22511.66,-0.0045653614,2202
-12204.174,-22667.073,-0.0047368517,2198
-12208.074,-22822.486,-0.0049083421,2194
-12211.999,-22977.897,-0.0050798326,2190
-12215.952,-23133.308,-0.0052512974,2186
-12219.931,-23288.717,-0.0054227883,2181
-12223.937,-23444.124,-0.0055942793,2177
-12227.969,-23599.531,-0.0057657703,2173
-12232.028,-23754.936,-0.0059372618,2169
-12236.114,-23910.34,-0.0061087017,2166
-12240.226,-24065.743,-0.0062801932,2161
-12244.365,-24221.144,-0.0064516852,2158
-12248.53,-24376.545,-0.0066231774,2154
-12252.723,-24531.944,-0.0067946695,2150
-12256.941,-24687.342,-0.0069661619,2145
-12261.187,-24842.738,-0.0071376287,2141
-12265.459,-24998.133,-0.0073091216,2137
-12269.757,-25153.527,-0.0074806149,2133
-12274.083,-25308.92,-0.0076521082,2130
-12278.434,-25464.311,-0.0078236017,2126
-12282.813,-25619.701,-0.0079950695,2121
-12287.218,-25775.09,-0.0081665377,2117
-12291.65,-25930.478,-0.008338032,2114
-12296.108,-26085.864,-0.0085095265,2110
-12300.593,-26241.249,-0.0086810213,2105
-12305.105,-26396.633,-0.0088525162,2102
-12309.643,-26552.015,-0.0090239856,2098
-12314.208,-26707.396,-0.0091954554,2094
-12318.799,-26862.775,-0.009366951,2089
-12323.417,-27018.154,-0.0095384469,2086
-12328.062,-27173.531,-0.0097099433,2081
-12332.734,-27328.906,-0.00988144,2078
-12337.432,-27484.281,-0.010052885,2073
-12342.156,-27639.654,-0.010224383,2069
-12346.907,-27795.025,-0.01039588,2065
-12351.685,-27950.395,-0.010567352,2062
-12356.489,-28105.764,-0.01073885,2057
-12361.32,-28261.132,-0.010910323,2054
-12366.178,-28416.498,-0.011081821,2050
-12371.062,-28571.863,-0.011253295,2046
-12375.973,-28727.226,-0.011424794,2042
-12380.911,-28882.588,-0.011596268,2038
-12385.875,-29037.949,-0.011767768,2034
-12390.865,-29193.308,-0.011939243,2029
-12395.883,-29348.666,-0.012110718,2026
-12400.927,-29504.022,-0.012282219,2022
-12405.997,-29659.377,-0.012453694,2017
-12411.094,-29814.731,-0.012625197,2014
-12416.218,-29970.083,-0.012796699,2009
-12421.369,-30125.434,-0.01296815,2005
-12426.546,-30280.783,-0.013139653,2001
-12431.749,-30436.131,-0.01331113,1997
-12436.979,-30591.478,-0.013482634,1994
-12442.236,-30746.823,-0.013654112,1990
-12447.52,-30902.166,-0.013825591,1985
-12452.83,-31057.508,-0.01399707,1981
-12458.166,-31212.849,-0.01416855,1977
-12463.53,-31368.188,-0.014340056,1973
-12468.919,-31523.526,-0.014511536,1970
-12474.336,-31678.862,-0.014683017,1965
-12479.779,-31834.197,-0.014854498,1962
-12485.249,-31989.531,-0.01502598,1958
-12490.745,-32144.862,-0.015197462,1954
-12496.268,-32300.193,-0.01536897,1949
-12501.817,-32455.522,-0.015540453,1945
-12507.393,-32610.849,-0.015711937,1942
-12512.996,-32766.175,-0.015883421,1937
-12518.625,-32921.499,-0.016054905,1934
-12524.281,-33076.822,-0.01622639,1929
-12529.964,-33232.144,-0.016397876,1925
-12535.673,-33387.464,-0.016569362,1922
-12541.408,-33542.782,-0.016740848,1917
-12547.171,-33698.099,-0.016912335,1913
-12552.96,-33853.414,-0.017083822,1909
-12558.775,-34008.728,-0.01725531,1905
-12564.617,-34164.04,-0.017426798,1901
-12570.486,-34319.351,-0.017598287,1897
-12576.381,-34474.66,-0.017769776,1894
-12582.303,-34629.968,-0.01794124,1890
-12588.252,-34785.274,-0.018112731,1886
-12594.227,-34940.578,-0.018284221,1882
-12600.228,-35095.881,-0.018455713,1878
-12606.257,-35251.182,-0.018627205,1874
-12612.312,-35406.482,-0.018798698,1870
-12618.393,-35561.78,-0.018970191,1866
-12624.501,-35717.077,-0.019141633,1861
-12630.636,-35872.372,-0.019313127,1857
-12636.797,-36027.665,-0.019484622,1854
-12642.985,-36182.957,-0.019656117,1850
-12649.199,-36338.247,-0.019827613,1846
-12655.44,-36493.536,-0.019999084,1842
-12661.708,-36648.823,-0.020170555,1838
-12668.002,-36804.108,-0.020342053,1833
-12674.323,-36959.392,-0.020513525,1829
-12680.67,-37114.674,-0.020685024,1825
-12687.044,-37269.955,-0.020856524,1821
-12693.445,-37425.234,-0.021027998,1817
-12699.872,-37580.511,-0.021199473,1813
-12706.326,-37735.786,-0.021370974,1810
-12712.806,-37891.06,-0.021542451,1806
-12719.313,-38046.333,-0.021713953,1802
-12725.847,-38201.603,-0.021885431,1797
-12732.407,-38356.872,-0.022056909,1793
-12738.993,-38512.139,-0.022228413,1790
-12745.607,-38667.405,-0.022399867,1785
-12752.246,-38822.669,-0.022571373,1781
-12758.913,-38977.931,-0.022742853,1778
-12765.606,-39133.192,-0.022914335,1773
-12772.326,-39288.451,-0.023085843,1770
-12779.072,-39443.708,-0.023257325,1765
-12785.844,-39598.963,-0.023428783,1762
-12792.644,-39754.217,-0.023600267,1758
-12799.47,-39909.469,-0.023771778,1754
-12806.322,-40064.72,-0.023943264,1749
-12813.201,-40219.969,-0.02411475,1745
-12820.107,-40375.215,-0.024286236,1741
-12827.039,-40530.461,-0.024457724,1738
-12833.998,-40685.704,-0.024629186,1733
-12840.984,-40840.946,-0.024800675,1730
-12847.996,-40996.186,-0.024972165,1725
-12855.034,-41151.424,-0.025143656,1721
-12862.099,-41306.661,-0.025315147,1717
-12869.191,-41461.895,-0.025486639,1713
-12876.309,-41617.128,-0.025658132,1710
-12883.454,-41772.36,-0.0258296,1706
-12890.626,-41927.589,-0.026001094,1701
-12897.824,-42082.817,-0.026172563,1697
-12905.048,-42238.043,-0.026344059,1693
-12912.3,-42393.267,-0.026515556,1690
-12919.577,-42548.49,-0.026687027,1685
-12926.882,-42703.71,-0.026858525,1682
-12934.213,-42858.929,-0.027029998,1678
-12941.57,-43014.146,-0.027201472,1674
-12948.954,-43169.361,-0.027372973,1669
-12956.365,-43324.575,-0.027544448,1665
-12963.802,-43479.786,-0.02771595,1662
-12971.266,-43634.996,-0.027887428,1658
-12978.756,-43790.204,-0.028058931,1654
-12986.273,-43945.41,-0.028230384,1650
-12993.816,-44100.614,-0.02840189,1646
-13001.386,-44255.817,-0.02857337,1641
-13008.983,-44411.017,-0.028744852,1637
-13016.606,-44566.216,-0.028916359,1633
-13024.256,-44721.413,-0.029087842,1630
-13031.932,-44876.608,-0.029259326,1626
-13039.635,-45031.801,-0.029430811,1622
-12669.129,44624.607,0.069430805,1
-12661.48,44469.039,0.069259307,5
-12653.859,44313.471,0.069087835,10
-12646.264,44157.902,0.068916366,14
-12638.696,44002.333,0.068744873,17
-12631.154,43846.763,0.068573381,21
-12623.64,43691.192,0.068401893,26
-12616.152,43535.62,0.068230407,29
-12608.691,43380.047,0.06805892,34
-12601.256,43224.474,0.067887412,38
-12593.849,43068.9,0.067715956,41
-12586.468,42913.325,0.067544479,45
-12579.113,42757.749,0.067372976,49
-12571.786,42602.173,0.0672015,53
-12564.485,42446.596,0.067030002,58
-12557.211,42291.019,0.066858504,62
-12549.964,42135.44,0.066687009,66
-12542.743,41979.861,0.066515568,69
-12535.549,41824.281,0.066344076,74
-12528.382,41668.701,0.066172588,78
-12521.242,41513.12,0.066001099,82
-12514.128,41357.538,0.065829589,85
-12507.041,41201.956,0.065658104,89
-12499.981,41046.372,0.065486623,93
-12492.948,40890.789,0.065315146,98
-12485.941,40735.204,0.065143666,102
-12478.961,40579.619,0.064972165,106
-12472.008,40424.033,0.064800692,110
-12465.082,40268.446,0.064629194,114
-12458.182,40112.859,0.064457699,117
-12451.309,39957.272,0.064286229,121
-12444.462,39801.683,0.064114738,125
-12437.643,39646.094,0.063943248,129
-12430.85,39490.504,0.063771759,134
-12424.084,39334.914,0.063600272,138
-12417.345,39179.323,0.063428815,142
-12410.632,39023.732,0.063257331,145
-12403.946,38868.139,0.063085824,150
-12397.287,38712.547,0.062914347,154
-12390.655,38556.953,0.062742842,158
-12384.049,38401.359,0.062571393,161
-12377.47,38245.765,0.062399893,166
-12370.918,38090.17,0.062228395,169
-12364.392,37934.574,0.062056901,174
-12357.894,37778.978,0.061885408,177
-12351.422,37623.381,0.061713968,182
-12344.976,37467.783,0.06154245,185
-12338.558,37312.185,0.061370962,189
-12332.166,37156.587,0.061199475,194
-12325.801,37000.988,0.061027992,197
-12319.463,36845.388,0.060856534,201
-12313.151,36689.788,0.060685028,206
-12306.866,36534.187,0.060513547,209
-12300.608,36378.586,0.060342043,214
-12294.377,36222.984,0.060170567,217
-12288.172,36067.382,0.059999094,222
-12281.994,35911.779,0.059827596,225
-12275.843,35756.175,0.059656099,229
-12269.718,35600.571,0.059484604,234
-12263.621,35444.967,0.059313163,238
-12257.549,35289.362,0.059141645,242
-12251.505,35133.757,0.058970157,246
-12245.488,34978.151,0.05879867,249
-12239.497,34822.544,0.058627183,253
-12233.533,34666.937,0.058455725,257
-12227.595,34511.33,0.058284216,261
-12221.685,34355.722,0.058112735,266
-12215.801,34200.114,0.05794123,269
-12209.944,34044.505,0.057769778,273
-12204.113,33888.896,0.057598277,277
-12198.31,33733.286,0.057426777,281
-12192.533,33577.676,0.057255304,285
-12186.782,33422.065,0.057083834,289
-12181.059,33266.454,0.056912339,293
-12175.362,33110.842,0.056740846,297
-12169.692,32955.23,0.056569354,301
-12164.049,32799.618,0.05639789,305
-12158.432,32644.005,0.056226402,309
-12152.842,32488.392,0.056054891,314
-12147.279,32332.778,0.055883431,318
-12141.743,32177.164,0.055711949,321
-12136.233,32021.55,0.05554044,325
-12130.75,31865.935,0.055368961,330
-12125.294,31710.32,0.055197481,334
-12119.864,31554.704,0.055026005,338
-12114.462,31399.088,0.054854504,341
-12109.086,31243.471,0.054683004,346
-12103.736,31087.855,0.054511533,349
-12098.414,30932.237,0.054340037,354
-12093.118,30776.62,0.054168566,357
-12087.849,30621.002,0.053997101,362
-12082.606,30465.384,0.053825584,366
-12077.391,30309.765,0.053654093,369
-12072.202,30154.146,0.053482606,373
-12067.04,29998.526,0.053311144,377
-12061.904,29842.907,0.053139659,382
-12056.795,29687.287,0.05296815,385
-12051.713,29531.666,0.052796693,389
-12046.658,29376.046,0.052625188,393
-12041.629,29220.425,0.052453708,398
-12036.628,29064.803,0.052282205,401
-12031.653,28909.182,0.05211073,405
-12026.704,28753.56,0.051939255,410
-12021.782,28597.937,0.051767756,414
-12016.888,28442.315,0.051596285,418
-12012.019,28286.692,0.05142479,421
-12007.178,28131.069,0.051253296,426
-12002.363,27975.445,0.051081829,429
-11997.575,27819.821,0.050910338,433
-11992.814,27664.197,0.050738849,437
-11988.079,27508.573,0.05056736,442
-11983.371,27352.948,0.050395874,446
-11978.69,27197.323,0.050224388,450
-11974.036,27041.698,0.050052879,453
-11969.408,26886.073,0.049881423,457
-11964.807,26730.447,0.049709916,461
-11960.233,26574.821,0.049538437,465
-11955.686,26419.195,0.049366958,470
-11951.165,26263.569,0.049195456,473
-11946.671,26107.943,0.049023982,478
-11942.203,25952.316,0.048852509,481
-11937.763,25796.689,0.048681011,485
-11933.349,25641.061,0.048509513,490
-11928.962,25485.434,0.048338045,494
-11924.601,25329.806,0.048166551,497
-11920.268,25174.178,0.047995058,502
-11915.961,25018.55,0.047823594,505
-11911.681,24862.922,0.047652106,509
-11907.427,24707.293,0.047480591,513
-11903.2,24551.665,0.04730913,518
-11899,24396.036,0.047137645,522
-11894.827,24240.407,0.046966161,526
-11890.68,24084.778,0.046794679,529
-11886.56,23929.148,0.046623171,534
-11882.467,23773.519,0.046451718,537
-11878.4,23617.889,0.046280214,541
-11874.361,23462.259,0.046108711,546
-11870.348,23306.629,0.04593726,549
-11866.361,23150.999,0.045765761,553
-11862.402,22995.369,0.045594263,558
-11858.469,22839.738,0.045422791,562
-11854.563,22684.108,0.045251294,565
-11850.683,22528.477,0.045079799,570
-11846.831,22372.846,0.044908332,574
-11843.005,22217.215,0.04473684,578
-11839.205,22061.584,0.044565374,581
-11835.433,21905.953,0.044393859,585
-11831.687,21750.322,0.044222371,589
-11827.968,21594.69,0.044050911,594
-11824.276,21439.059,0.043879398,598
-11820.61,21283.427,0.043707914,602
-11816.971,21127.796,0.043536431,606
-11813.359,20972.164,0.04336495,610
-11809.773,20816.532,0.043193469,613
-11806.215,20660.9,0.04302199,617
-11802.682,20505.268,0.042850487,621
-11799.177,20349.636,0.04267901,625
-11795.698,20194.004,0.042507534,629
-11792.246,20038.372,0.042336034,633
-11788.821,19882.74,0.042164561,637
-11785.423,19727.108,0.041993063,641
-11782.051,19571.475,0.041821594,646
-11778.706,19415.843,0.041650098,650
-11775.388,19260.211,0.041478603,653
-11772.096,19104.578,0.041307138,658
-11768.831,18948.946,0.04113562,662
-11765.593,18793.314,0.040964156,666
-11762.382,18637.681,0.040792667,669
-11759.197,18482.049,0.040621179,674
-11756.039,18326.416,0.040449693,678
-11752.908,18170.784,0.040278207,682
-11749.803,18015.152,0.040106723,685
-11746.725,17859.519,0.039935239,689
-11743.674,17703.887,0.039763731,693
-11740.649,17548.254,0.039592276,698
-11737.652,17392.622,0.039420772,701
-11734.681,17236.99,0.039249294,705
-11731.737,17081.357,0.039077816,709
-11728.819,16925.725,0.038906314,713
-11725.928,16770.093,0.038734839,718
-11723.064,16614.461,0.038563339,722
-11720.226,16458.829,0.038391866,726
-11717.416,16303.197,0.038220369,729
-11714.632,16147.565,0.038048872,733
-11711.874,15991.933,0.037877403,738
-11709.144,15836.301,0.03770591,742
-11706.44,15680.669,0.037534443,745
-11703.763,15525.037,0.03736295,750
-11701.112,15369.406,0.037191459,754
-11698.489,15213.774,0.03701997,757
-11695.892,15058.143,0.03684848,761
-11693.321,14902.511,0.036677019,766
-11690.778,14746.88,0.036505507,769
-11688.261,14591.249,0.036334047,774
-11685.771,14435.618,0.036162537,778
-11683.307,14279.987,0.035991054,781
-11680.87,14124.356,0.035819572,786
-11678.46,13968.726,0.035648066,789
-11676.077,13813.095,0.035476611,794
-11673.72,13657.465,0.035305107,797
-11671.39,13501.834,0.035133628,801
-11669.087,13346.204,0.034962151,806
-11666.811,13190.574,0.034790675,809
-11664.561,13034.944,0.034619175,813
-11662.338,12879.315,0.034447675,818
-11660.142,12723.685,0.034276202,822
-11657.972,12568.056,0.034104703,826
-11655.829,12412.427,0.033933233,830
-11653.713,12256.798,0.033761737,834
-11651.623,12101.169,0.033590268,838
-11649.56,11945.54,0.033418774,842
-11647.524,11789.912,0.033247307,845
-11645.515,11634.284,0.03307579,850
-11643.532,11478.656,0.032904299,853
-11641.576,11323.028,0.032732835,858
-11639.647,11167.4,0.032561321,862
-11637.744,11011.773,0.032389859,866
-11635.869,10856.145,0.032218372,870
-11634.019,10700.518,0.032046885,874
-11632.197,10544.892,0.031875401,877
-11630.401,10389.265,0.031703916,881
-11628.632,10233.639,0.031532433,885
-11626.89,10078.013,0.031360925,889
-11625.174,9922.3868,0.031189443,893
-11623.485,9766.7612,0.031017963,897
-11621.823,9611.1359,0.030846483,902
-11620.188,9455.5108,0.030674979,905
-11618.579,9299.886,0.030503527,910
-11616.997,9144.2615,0.030332024,913
-11615.441,8988.6372,0.030160549,917
-11613.913,8833.0132,0.029989047,921
-11612.41,8677.3895,0.029817573,926
-11610.935,8521.7661,0.029646074,930
-11609.487,8366.1429,0.029474601,934
-11608.065,8210.5201,0.029303105,938
-11606.669,8054.8976,0.029131634,941
-11605.301,7899.2753,0.028960137,945
-11603.959,7743.6534,0.028788643,949
-11602.644,7588.0318,0.028617174,954
-11601.356,7432.4105,0.028445681,957
-11600.094,7276.7895,0.028274189,962
-11598.859,7121.1688,0.028102698,965
-11597.651,6965.5485,0.027931233,969
-11596.469,6809.9285,0.027759717,974
-11595.314,6654.3088,0.027588254,978
-11594.186,6498.6895,0.027416766,981
-11593.085,6343.0706,0.027245278,985
-11592.01,6187.452,0.027073791,989
-11590.962,6031.8337,0.026902305,994
-11589.941,5876.2159,0.026730821,998
-11588.946,5720.5983,0.026559336,1001
-11587.978,5564.9812,0.026387852,1006
-11587.037,5409.3644,0.02621637,1009
-11586.122,5253.748,0.026044862,1014
-11585.234,5098.132,0.025873407,1018
-11584.373,4942.5164,0.025701901,1021
-11583.538,4786.9012,0.025530421,1026
-11582.731,4631.2864,0.025358942,1029
-11581.95,4475.672,0.025187464,1033
-11581.195,4320.058,0.025015961,1038
-11580.467,4164.4444,0.024844484,1042
-11579.766,4008.8312,0.024672982,1046
-11579.092,3853.2185,0.024501481,1049
-11578.444,3697.6062,0.024330007,1053
-11577.824,3541.9943,0.024158533,1058
-11577.229,3386.3828,0.02398706,1061
-11576.662,3230.7718,0.023815561,1066
-11576.121,3075.1612,0.023644064,1069
-11575.607,2919.5511,0.023472567,1074
-11575.119,2763.9415,0.023301097,1077
-11574.658,2608.3323,0.023129601,1081
-11574.225,2452.7235,0.022958132,1086
-11573.817,2297.1153,0.022786638,1089
-11573.436,2141.5075,0.02261517,1094
-11573.082,1985.9001,0.022443652,1098
-11572.755,1830.2933,0.022272186,1101
-11572.454,1674.6869,0.022100694,1105
-11572.181,1519.0811,0.021929229,1110
-11571.933,1363.4757,0.021757713,1114
-11571.713,1207.8708,0.02158625,1117
-11571.519,1052.2665,0.021414735,1121
-11571.352,896.6626,0.021243272,1125
-11571.211,741.0593,0.021071785,1130
-11571.098,585.4565,0.020900297,1133
-11571.011,429.8542,0.020728811,1137
-11570.95,274.2524,0.020557326,1142
-11570.916,118.6512,0.020385866,1145
-11570.909,-36.9495,0.020214356,1149
-11570.929,-192.5497,0.020042872,1153
-11570.976,-348.1493,0.019871388,1157
-11571.049,-503.7483,0.019699905,1162
-11571.148,-659.3468,0.019528423,1166
-11571.275,-814.9448,0.019356941,1169
-11571.428,-970.5422,0.019185434,1174
-11571.608,-1126.139,0.019013954,1178
-11571.814,-1281.7352,0.018842474,1181
-11572.047,-1437.3309,0.018670995,1186
-11572.307,-1592.926,0.01849949,1190
-11572.594,-1748.5204,0.018328011,1193
-11572.907,-1904.1143,0.018156534,1197
-11573.247,-2059.7076,0.017985057,1202
-11573.614,-2215.3003,0.017813554,1205
-11574.007,-2370.8924,0.017642077,1209
-11574.427,-2526.4839,0.017470576,1213
-11574.873,-2682.0748,0.0172991,1218
-11575.347,-2837.665,0.0171276,1221
-11575.847,-2993.2547,0.016956126,1226
-11576.374,-3148.8437,0.016784627,1230
-11576.927,-3304.432,0.016613154,1233
-11577.507,-3460.0198,0.016441654,1238
-11578.114,-3615.6068,0.016270182,1242
-11578.747,-3771.1933,0.016098685,1245
-11579.407,-3926.7791,0.015927214,1249
-11580.094,-4082.3642,0.015755717,1254
-11580.808,-4237.9487,0.015584247,1257
-11581.548,-4393.5325,0.015412751,1261
-11582.315,-4549.1156,0.015241255,1265
-11583.108,-4704.6981,0.015069787,1270
-11583.928,-4860.2799,0.014898292,1274
-11584.775,-5015.861,0.014726824,1277
-11585.649,-5171.4414,0.014555331,1281
-11586.549,-5327.0211,0.014383838,1285
-11587.476,-5482.6001,0.014212345,1289
-11588.43,-5638.1784,0.014040879,1294
-11589.41,-5793.756,0.013869387,1297
-11590.417,-5949.3329,0.013697895,1301
-11591.451,-6104.9091,0.013526404,1306
-11592.511,-6260.4846,0.01335494,1310
-11593.598,-6416.0593,0.013183423,1313
-11594.712,-6571.6334,0.013011959,1317
-11595.852,-6727.2066,0.012840444,1322
-11597.019,-6882.7792,0.012668981,1325
-11598.213,-7038.351,0.012497492,1329
-11599.433,-7193.922,0.012326003,1334
-11600.68,-7349.4923,0.012154542,1337
-11601.954,-7505.0619,0.011983028,1341
-11603.254,-7660.6307,0.011811567,1346
-11604.581,-7816.1987,0.011640054,1349
-11605.935,-7971.7659,0.011468593,1353
-11607.316,-8127.3324,0.011297081,1358
-11608.723,-8282.8981,0.011125621,1362
-11610.156,-8438.463,0.010954109,1365
-11611.617,-8594.0271,0.01078265,1369
-11613.104,-8749.5904,0.010611139,1373
-11614.618,-8905.153,0.010439655,1377
-11616.158,-9060.7147,0.01026817,1382
-11617.725,-9216.2756,0.010096686,1385
-11619.319,-9371.8357,0.0099252023,1389
-11620.94,-9527.395,0.0097537189,1393
-11622.587,-9682.9535,0.0095822357,1398
-11624.261,-9838.5111,0.0094107531,1401
-11625.961,-9994.0679,0.0092392702,1405
-11627.688,-10149.624,0.0090677621,1409
-11629.442,-10305.179,0.0088963061,1413
-11631.222,-10460.733,0.0087247983,1418
-11633.03,-10616.287,0.0085533168,1422
-11634.863,-10771.839,0.0083818353,1425
-11636.724,-10927.391,0.0082103544,1429
-11638.611,-11082.942,0.0080388477,1433
-11640.525,-11238.492,0.0078673671,1437
-11642.465,-11394.041,0.0076958867,1442
-11644.433,-11549.589,0.0075244066,1445
-11646.426,-11705.137,0.0073529268,1449
-11648.447,-11860.683,0.0071814213,1454
-11650.494,-12016.229,0.0070099417,1458
-11652.568,-12171.774,0.0068384626,1462
-11654.668,-12327.317,0.0066669835,1466
-11656.796,-12482.86,0.0064954787,1469
-11658.949,-12638.402,0.0063240001,1473
-11661.13,-12793.943,0.0061524956,1477
-11663.337,-12949.484,0.0059810432,1481
-11665.571,-13105.023,0.0058095392,1485
-11667.831,-13260.561,0.0056380612,1489
-11670.118,-13416.099,0.0054665834,1493
-11672.432,-13571.635,0.0052950799,1497
-11674.773,-13727.171,0.0051236025,1502
-11677.14,-13882.705,0.0049520993,1506
-11679.533,-14038.239,0.0047806481,1510
-11681.954,-14193.772,0.0046091452,1514
-11684.401,-14349.303,0.0044376683,1518
-11686.875,-14504.834,0.0042661655,1521
-11689.375,-14660.364,0.0040946889,1526
-11691.902,-14815.893,0.0039231865,1529
-11694.456,-14971.421,0.0037517101,1534
-11697.036,-15126.947,0.0035802337,1538
-11699.643,-15282.473,0.0034087318,1542
-11702.277,-15437.998,0.0032372557,1545
-11704.938,-15593.522,0.0030657538,1550
-11707.624,-15749.045,0.0028943037,1554
-11710.338,-15904.567,0.002722802,1558
-11713.078,-16060.088,0.0025513263,1562
-11715.845,-16215.608,0.0023798247,1565
-11718.639,-16371.127,0.0022083491,1569
-11721.46,-16526.644,0.0020368477,1573
-11724.306,-16682.161,0.0018653723,1578
-11727.18,-16837.677,0.0016938968,1581
-11730.08,-16993.192,0.0015223956,1585
-11733.007,-17148.705,0.0013509203,1589
-11735.961,-17304.218,0.0011794191,1594
-11738.941,-17459.73,0.0010079438,1597
-11741.948,-17615.24,0.00083644278,1602
-11744.981,-17770.75,0.00066496758,1605
-11748.042,-17926.258,0.00049346653,1609
-11751.129,-18081.766,0.00032199136,1613
-11754.242,-18237.272,0.00015049033,1618
-11757.382,-18392.777,-2.0984811e-05,2307
-11760.549,-18548.281,-0.00019245996,2303
-11763.742,-18703.784,-0.00036396099,2300
-11766.962,-18859.286,-0.00053543616,2295
-11770.209,-19014.787,-0.00070691134,2292
-11773.483,-19170.287,-0.00087838654,2287
-11776.782,-19325.786,-0.0010498876,2283
-11780.109,-19481.283,-0.0012213629,2280
-11783.463,-19636.78,-0.0013928641,2275
-11786.843,-19792.275,-0.0015643394,2271
-11790.249,-19947.769,-0.0017358406,2267
-11793.682,-20103.262,-0.0019073161,2263
-11797.142,-20258.754,-0.0020787916,2260
-11800.629,-20414.245,-0.002250293,2256
-11804.142,-20569.735,-0.0024217686,2251
-11807.682,-20725.223,-0.0025932701,2248
-11811.248,-20880.711,-0.002764746,2244
-11814.842,-21036.197,-0.0029362476,2239
-11818.461,-21191.682,-0.0031077236,2236
-11822.108,-21347.166,-0.0032792254,2231
-11825.781,-21502.648,-0.0034507016,2227
-11829.481,-21658.13,-0.0036222036,2223
-11833.207,-21813.61,-0.0037936541,2219
-11836.96,-21969.09,-0.0039651306,2216
-11840.74,-22124.568,-0.004136633,2212
-11844.546,-22280.044,-0.0043081096,2208
-11848.379,-22435.52,-0.0044796123,2203
-11852.238,-22590.995,-0.0046510893,2200
-11856.125,-22746.468,-0.0048225923,2196
-11860.038,-22901.94,-0.0049940695,2191
-11863.977,-23057.411,-0.0051655727,2187
-11867.943,-23212.88,-0.0053370243,2183
-11871.936,-23368.349,-0.0055085278,2179
-11875.955,-23523.816,-0.0056800056,2175
-11880.001,-23679.282,-0.0058515096,2171
-11884.074,-23834.746,-0.0060229877,2167
-11888.173,-23990.21,-0.0061944662,2163
-11892.299,-24145.672,-0.0063659446,2159
-11896.452,-24301.133,-0.0065374234,2156
-11900.631,-24456.593,-0.006708928,2152
-11904.837,-24612.051,-0.0068804073,2148
-11909.069,-24767.508,-0.0070519124,2144
-11913.328,-24922.964,-0.0072233921,2140
-11917.614,-25078.419,-0.0073948715,2136
-11921.927,-25233.872,-0.0075663515,2132
-11926.266,-25389.324,-0.0077378576,2127
-11930.631,-25544.775,-0.0079093381,2124
-11935.024,-25700.224,-0.0080807928,2119
-11939.443,-25855.673,-0.0082522995,2116
-11943.888,-26011.119,-0.0084237806,2112
-11948.36,-26166.565,-0.0085952619,2108
-11952.859,-26322.009,-0.0087667436,2104
-11957.385,-26477.452,-0.0089382514,2100
-11961.937,-26632.894,-0.0091097336,2095
-11966.515,-26788.334,-0.009281216,2091
-11971.121,-26943.773,-0.0094526984,2088
-11975.753,-27099.211,-0.0096242074,2084
-11980.411,-27254.647,-0.0097956647,2079
-11985.097,-27410.082,-0.0099671742,2076
-11989.808,-27565.516,-0.010138632,2072
-11994.547,-27720.948,-0.010310116,2067
-11999.312,-27876.379,-0.010481626,2064
-12004.104,-28031.809,-0.010653085,2060
-12008.922,-28187.237,-0.010824596,2056
-12013.767,-28342.664,-0.010996056,2052
-12018.639,-28498.089,-0.011167567,2047
-12023.537,-28653.513,-0.011339028,2043
-12028.462,-28808.936,-0.01151054,2039
-12033.413,-28964.357,-0.011682,2036
-12038.391,-29119.777,-0.011853513,2031
-12043.396,-29275.196,-0.012024975,2027
-12048.427,-29430.613,-0.012196488,2024
-12053.486,-29586.029,-0.012367951,2020
-12058.57,-29741.443,-0.012539465,2015
-12063.681,-29896.856,-0.012710928,2012
-12068.819,-30052.267,-0.012882417,2007
-12073.984,-30207.677,-0.013053907,2003
-12079.175,-30363.086,-0.01322537,1999
-12084.392,-30518.493,-0.013396887,1995
-12089.637,-30673.899,-0.013568352,1992
-12094.908,-30829.303,-0.013739843,1988
-12100.205,-30984.706,-0.013911335,1984
-12105.529,-31140.108,-0.014082826,1979
-12110.88,-31295.508,-0.014254293,1975
-12116.258,-31450.906,-0.014425786,1971
-12121.662,-31606.303,-0.014597279,1967
-12127.092,-31761.699,-0.014768773,1963
-12132.549,-31917.093,-0.014940241,1960
-12138.033,-32072.486,-0.015111735,1956
-12143.544,-32227.877,-0.01528323,1951
-12149.081,-32383.266,-0.015454725,1947
-12154.645,-32538.655,-0.015626195,1943
-12160.235,-32694.041,-0.015797692,1940
-12165.852,-32849.426,-0.015969163,1936
-12171.496,-33004.81,-0.016140634,1931
-12177.166,-33160.192,-0.016312132,1928
-12182.862,-33315.573,-0.016483604,1924
-12188.586,-33470.952,-0.016655103,1920
-12194.336,-33626.33,-0.016826576,1915
-12200.112,-33781.706,-0.016998076,1911
-12205.916,-33937.08,-0.01716955,1907
-12211.746,-34092.453,-0.017341051,1903
-12217.602,-34247.825,-0.017512526,1899
-12223.485,-34403.195,-0.017684027,1895
-12229.395,-34558.563,-0.017855504,1891
-12235.331,-34713.93,-0.018027007,1887
-12241.294,-34869.295,-0.018198484,1884
-12247.283,-35024.659,-0.018369962,1879
-12253.299,-35180.021,-0.018541441,1876
-12259.342,-35335.382,-0.018712946,1872
-12265.411,-35490.741,-0.018884425,1867
-12271.507,-35646.098,-0.019055931,1863
-12277.63,-35801.454,-0.019227386,1859
-12283.779,-35956.808,-0.019398893,1856
-12289.955,-36112.161,-0.019570375,1852
-12296.157,-36267.512,-0.019741857,1848
-12302.386,-36422.861,-0.01991334,1844
-12308.641,-36578.209,-0.020084824,1839
-12314.924,-36733.555,-0.020256308,1836
-12321.232,-36888.9,-0.020427819,1831
-12327.568,-37044.243,-0.020599278,1827
-12333.93,-37199.584,-0.02077079,1823
-12340.318,-37354.924,-0.02094225,1819
-12346.733,-37510.262,-0.021113764,1815
-12353.175,-37665.598,-0.021285226,1811
-12359.643,-37820.933,-0.021456714,1808
-12366.138,-37976.266,-0.021628203,1804
-12372.66,-38131.597,-0.021799692,1800
-12379.208,-38286.927,-0.021971157,1795
-12385.782,-38442.255,-0.022142674,1791
-12392.384,-38597.582,-0.02231414,1787
-12399.012,-38752.907,-0.022485632,1783
-12405.666,-38908.23,-0.022657125,1779
-12412.347,-39063.551,-0.022828619,1775
-12419.055,-39218.871,-0.023000087,1771
-12425.789,-39374.189,-0.023171582,1767
-12432.55,-39529.505,-0.023343052,1764
-12439.338,-39684.82,-0.023514549,1760
-12446.152,-39840.133,-0.023686019,1756
-12452.992,-39995.444,-0.023857517,1751
-12459.86,-40150.754,-0.02402899,1747
-12466.753,-40306.062,-0.024200488,1744
-12473.674,-40461.368,-0.024371962,1740
-12480.621,-40616.672,-0.024543464,1736
-12487.594,-40771.975,-0.024714938,1732
-12494.595,-40927.276,-0.024886441,1727
-12501.621,-41082.575,-0.025057917,1723
-12508.675,-41237.872,-0.025229421,1719
-12515.755,-41393.168,-0.025400874,1716
-12522.861,-41548.462,-0.025572379,1712
-12529.995,-41703.754,-0.025743858,1708
-12537.154,-41859.044,-0.025915365,1703
-12544.341,-42014.333,-0.026086821,1699
-12551.553,-42169.62,-0.026258328,1696
-12558.793,-42324.905,-0.026429785,1692
-12566.059,-42480.188,-0.026601295,1688
-12573.352,-42635.469,-0.026772779,1683
-12580.671,-42790.749,-0.026944265,1679
-12588.017,-42946.027,-0.027115751,1676
-12595.389,-43101.303,-0.027287237,1671
-12602.788,-43256.577,-0.027458699,1667
-12610.214,-43411.85,-0.027630213,1664
-12617.666,-43567.12,-0.027801676,1659
-12625.144,-43722.389,-0.027973167,1655
-12632.65,-43877.656,-0.028144657,1651
-12640.182,-44032.922,-0.028316149,1648
-12647.74,-44188.185,-0.028487616,1644
-12655.325,-44343.446,-0.02865911,1640
-12662.937,-44498.706,-0.02883063,1636
-12670.575,-44653.964,-0.0290021,1631
-12678.24,-44809.22,-0.029173595,1627
-12685.931,-44964.474,-0.029345066,1624
-11767.464,44609.184,0.069345072,2312
-11759.819,44453.462,0.069173587,2315
-11752.2,44297.74,0.069002086,2319
-11744.608,44142.016,0.068830606,2323
-11737.042,43986.293,0.068659126,2328
-11729.504,43830.568,0.068487631,2331
-11721.992,43674.842,0.068316155,2336
-11714.507,43519.116,0.068144665,2339
-11707.049,43363.389,0.067973176,2344
-11699.617,43207.662,0.067801689,2347
-11692.212,43051.933,0.067630204,2351
-11684.834,42896.204,0.067458722,2356
-11677.483,42740.474,0.067287224,2360
-11670.158,42584.744,0.067115746,2364
-11662.861,42429.012,0.066944269,2367
-11655.59,42273.281,0.066772776,2371
-11648.345,42117.548,0.066601287,2375
-11641.128,41961.814,0.066429816,2379
-11633.937,41806.08,0.066258312,2383
-11626.773,41650.345,0.066086829,2387
-11619.636,41494.61,0.065915347,2391
-11612.526,41338.874,0.065743866,2395
-11605.442,41183.137,0.065572372,2399
-11598.385,41027.399,0.065400877,2404
-11591.355,40871.661,0.065229404,2408
-11584.352,40715.922,0.065057932,2412
-11577.375,40560.183,0.064886426,2416
-11570.425,40404.443,0.064714941,2420
-11563.502,40248.702,0.064543458,2424
-11556.606,40092.96,0.064371976,2428
-11549.736,39937.218,0.064200495,2432
-11542.894,39781.476,0.064029001,2436
-11536.078,39625.732,0.063857507,2439
-11529.288,39469.988,0.063686033,2443
-11522.526,39314.243,0.063514543,2448
-11515.79,39158.498,0.063343056,2451
-11509.081,39002.752,0.06317157,2456
-11502.399,38847.006,0.063000087,2460
-11495.743,38691.259,0.062828604,2463
-11489.115,38535.511,0.062657106,2467
-11482.513,38379.763,0.062485628,2471
-11475.937,38224.014,0.062314152,2476
-11469.389,38068.264,0.06214266,2479
-11462.867,37912.514,0.061971171,2484
-11456.372,37756.764,0.061799682,2488
-11449.904,37601.012,0.061628196,2491
-11443.463,37445.261,0.061456712,2495
-11437.048,37289.508,0.061285228,2500
-11430.66,37133.755,0.061113732,2504
-11424.299,36978.002,0.060942253,2508
-11417.965,36822.248,0.060770774,2511
-11411.657,36666.493,0.060599282,2515
-11405.376,36510.738,0.060427792,2520
-11399.122,36354.983,0.06025632,2524
-11392.895,36199.227,0.060084832,2527
-11386.694,36043.47,0.05991333,2531
-11380.521,35887.713,0.059741864,2535
-11374.374,35731.955,0.059570365,2540
-11368.253,35576.197,0.059398884,2544
-11362.16,35420.438,0.059227389,2548
-11356.093,35264.679,0.059055912,2552
-11350.053,35108.919,0.05888442,2556
-11344.04,34953.159,0.05871293,2560
-11338.053,34797.398,0.058541442,2564
-11332.094,34641.637,0.058369972,2567
-11326.16,34485.875,0.058198487,2572
-11320.254,34330.113,0.058026986,2576
-11314.375,34174.35,0.057855521,2579
-11308.522,34018.587,0.057684024,2584
-11302.696,33862.823,0.057512529,2588
-11296.897,33707.06,0.057341052,2592
-11291.124,33551.295,0.057169577,2596
-11285.379,33395.53,0.056998087,2600
-11279.66,33239.765,0.056826582,2603
-11273.968,33083.999,0.056655111,2608
-11268.302,32928.233,0.056483626,2612
-11262.664,32772.466,0.056312126,2616
-11257.052,32616.699,0.056140644,2620
-11251.467,32460.931,0.055969164,2624
-11245.908,32305.163,0.055797685,2628
-11240.377,32149.395,0.055626192,2631
-11234.872,31993.626,0.055454716,2635
-11229.394,31837.857,0.055283225,2639
-11223.942,31682.087,0.055111736,2643
-11218.518,31526.317,0.054940249,2648
-11213.12,31370.547,0.054768762,2651
-11207.749,31214.776,0.054597278,2655
-11202.404,31059.005,0.054425795,2659
-11197.087,30903.234,0.054254315,2664
-11191.796,30747.462,0.054082818,2668
-11186.532,30591.69,0.05391134,2671
-11181.294,30435.917,0.053739846,2675
-11176.084,30280.144,0.053568372,2679
-11170.9,30124.371,0.053396882,2683
-11165.743,29968.597,0.053225393,2687
-11160.613,29812.823,0.053053906,2691
-11155.509,29657.049,0.05288242,2695
-11150.432,29501.274,0.052710937,2699
-11145.382,29345.499,0.052539438,2703
-11140.359,29189.724,0.052367956,2707
-11135.362,29033.948,0.052196477,2711
-11130.393,28878.172,0.052024982,2716
-11125.45,28722.396,0.051853506,2719
-11120.533,28566.619,0.051682014,2724
-11115.644,28410.842,0.051510524,2728
-11110.781,28255.065,0.051339052,2732
-11105.945,28099.288,0.051167565,2736
-11101.136,27943.51,0.050996078,2740
-11096.353,27787.732,0.050824578,2744
-11091.597,27631.953,0.050653112,2747
-11086.869,27476.175,0.050481613,2751
-11082.166,27320.396,0.050310117,2756
-11077.491,27164.617,0.050138655,2759
-11072.842,27008.838,0.049967162,2764
-11068.22,26853.058,0.049795669,2767
-11063.625,26697.278,0.049624195,2771
-11059.056,26541.498,0.049452706,2776
-11054.514,26385.717,0.049281219,2779
-11049.999,26229.937,0.049109731,2784
-11045.511,26074.156,0.048938247,2788
-11041.05,25918.375,0.048766746,2792
-11036.615,25762.593,0.048595263,2795
-11032.207,25606.812,0.048423782,2799
-11027.826,25451.03,0.048252303,2803
-11023.471,25295.248,0.048080808,2808
-11019.144,25139.466,0.047909332,2811
-11014.843,24983.684,0.047737839,2815
-11010.568,24827.901,0.047566349,2820
-11006.321,24672.119,0.047394876,2824
-11002.1,24516.336,0.047223387,2827
-10997.906,24360.552,0.047051885,2832
-10993.739,24204.769,0.046880416,2835
-10989.598,24048.986,0.046708932,2839
-10985.485,23893.202,0.046537433,2843
-10981.398,23737.418,0.046365969,2848
-10977.337,23581.634,0.046194472,2851
-10973.304,23425.85,0.046022976,2855
-10969.297,23270.066,0.0458515,2859
-10965.317,23114.282,0.045680007,2863
-10961.364,22958.497,0.045508515,2867
-10957.437,22802.712,0.045337042,2871
-10953.538,22646.928,0.045165553,2875
-10949.665,22491.143,0.044994066,2879
-10945.818,22335.357,0.04482258,2884
-10941.999,22179.572,0.044651095,2888
-10938.206,22023.787,0.044479612,2891
-10934.44,21868.002,0.044308113,2895
-10930.701,21712.216,0.044136649,2899
-10926.988,21556.43,0.043965152,2903
-10923.302,21400.645,0.043793657,2908
-10919.643,21244.859,0.043622179,2912
-10916.011,21089.073,0.043450687,2916
-10912.405,20933.287,0.043279196,2919
-10908.827,20777.501,0.043107723,2924
-10905.274,20621.715,0.042936234,2927
-10901.749,20465.929,0.042764747,2931
-10898.251,20310.143,0.042593277,2935
-10894.779,20154.356,0.042421775,2939
-10891.334,19998.57,0.042250291,2943
-10887.915,19842.784,0.042078809,2948
-10884.524,19686.997,0.041907327,2952
-10881.159,19531.211,0.04173583,2956
-10877.821,19375.424,0.041564351,2959
-10874.51,19219.638,0.041392855,2964
-10871.225,19063.851,0.041221379,2968
-10867.967,18908.064,0.041049904,2972
-10864.736,18752.278,0.040878413,2976
-10861.531,18596.491,0.040706906,2979
-10858.354,18440.704,0.040535434,2983
-10855.203,18284.918,0.040363947,2987
-10852.079,18129.131,0.04019246,2991
-10848.981,17973.345,0.040020975,2996
-10845.911,17817.558,0.039849492,2999
-10842.867,17661.771,0.039677992,3004
-10839.85,17505.985,0.039506527,3007
-10836.859,17350.198,0.039335029,3011
-10833.895,17194.412,0.039163533,3015
-10830.958,17038.625,0.038992072,3020
-10828.048,16882.839,0.038820578,3024
-10825.165,16727.052,0.038649084,3027
-10822.308,16571.266,0.03847761,3031
-10819.478,16415.48,0.03830612,3036
-10816.675,16259.693,0.038134647,3039
-10813.898,16103.907,0.037963141,3043
-10811.148,15948.121,0.037791654,3047
-10808.425,15792.335,0.037620185,3052
-10805.729,15636.549,0.037448683,3056
-10803.059,15480.763,0.037277199,3059
-10800.417,15324.977,0.037105716,3063
-10797.801,15169.192,0.036934234,3067
-10795.211,15013.406,0.036762737,3072
-10792.649,14857.621,0.036591274,3076
-10790.113,14701.835,0.036419779,3080
-10787.604,14546.05,0.036248284,3083
-10785.121,14390.265,0.036076807,3087
-10782.665,14234.479,0.035905315,3092
-10780.237,14078.694,0.035733824,3096
-10777.834,13922.91,0.03556235,3100
-10775.459,13767.125,0.035390861,3103
-10773.11,13611.34,0.035219373,3107
-10770.788,13455.556,0.035047886,3112
-10768.493,13299.772,0.034876399,3115
-10766.225,13143.987,0.034704915,3119
-10763.983,12988.203,0.03453343,3124
-10761.768,12832.42,0.034361947,3128
-10759.579,12676.636,0.034190465,3132
-10757.418,12520.852,0.034018967,3135
-10755.283,12365.069,0.033847487,3139
-10753.175,12209.286,0.033676008,3144
-10751.094,12053.503,0.033504513,3147
-10749.039,11897.72,0.033333019,3151
-10747.011,11741.938,0.033161543,3155
-10745.01,11586.155,0.032990051,3160
-10743.036,11430.373,0.032818559,3164
-10741.088,11274.591,0.032647086,3168
-10739.167,11118.809,0.032475597,3172
-10737.273,10963.028,0.032304108,3176
-10735.405,10807.246,0.032132621,3179
-10733.565,10651.465,0.031961134,3183
-10731.75,10495.684,0.031789666,3187
-10729.963,10339.903,0.031618165,3192
-10728.203,10184.123,0.031446681,3195
-10726.469,10028.343,0.031275198,3199
-10724.762,9872.5628,0.031103716,3204
-10723.081,9716.7831,0.030932219,3208
-10721.428,9561.0036,0.030760739,3212
-10719.801,9405.2244,0.030589259,3216
-10718.201,9249.4455,0.030417764,3219
-10716.627,9093.6668,0.030246287,3223
-10715.081,8937.8884,0.030074793,3228
-10713.56,8782.1103,0.029903318,3232
-10712.067,8626.3325,0.029731826,3235
-10710.601,8470.5549,0.029560336,3240
-10709.161,8314.7776,0.029388863,3244
-10707.748,8159.0007,0.029217374,3247
-10706.362,8003.224,0.029045868,3251
-10705.002,7847.4477,0.028874398,3256
-10703.669,7691.6716,0.028702912,3260
-10702.363,7535.8959,0.028531409,3264
-10701.084,7380.1204,0.028359941,3268
-10699.831,7224.3453,0.028188441,3271
-10698.605,7068.5706,0.028016974,3276
-10697.406,6912.7961,0.027845475,3279
-10696.233,6757.022,0.027673994,3284
-10695.087,6601.2483,0.027502513,3287
-10693.968,6445.4749,0.027331016,3291
-10692.876,6289.7018,0.027159537,3295
-10691.81,6133.9291,0.026988059,3299
-10690.771,5978.1568,0.026816564,3303
-10689.759,5822.3848,0.02664507,3307
-10688.774,5666.6132,0.026473594,3312
-10687.815,5510.8419,0.026302102,3315
-10686.883,5355.0711,0.026130628,3319
-10685.978,5199.3006,0.025959137,3323
-10685.099,5043.5305,0.025787647,3328
-10684.247,4887.7608,0.025616175,3332
-10683.423,4731.9915,0.02544467,3336
-10682.624,4576.2226,0.025273182,3339
-10681.853,4420.4541,0.025101713,3343
-10681.108,4264.686,0.024930209,3347
-10680.389,4108.9184,0.024758741,3351
-10679.698,3953.1511,0.024587256,3356
-10679.033,3797.3843,0.024415756,3359
-10678.395,3641.6179,0.024244289,3364
-10677.784,3485.8519,0.024072789,3368
-10677.199,3330.0864,0.023901291,3372
-10676.641,3174.3213,0.023729826,3375
-10676.11,3018.5567,0.023558329,3379
-10675.606,2862.7925,0.023386849,3384
-10675.128,2707.0288,0.023215353,3388
-10674.677,2551.2655,0.023043875,3392
-10674.253,2395.5027,0.022872397,3395
-10673.855,2239.7404,0.022700903,3399
-10673.485,2083.9785,0.02252941,3404
-10673.14,1928.2171,0.022357934,3408
-10672.823,1772.4562,0.022186442,3411
-10672.532,1616.6958,0.022014968,3415
-10672.268,1460.9359,0.021843477,3420
-10672.031,1305.1765,0.021671987,3424
-10671.821,1149.4176,0.021500498,3428
-10671.637,993.6592,0.021329009,3432
-10671.48,837.9013,0.021157521,3436
-10671.349,682.1439,0.02098605,3439
-10671.246,526.387,0.020814546,3444
-10671.169,370.6307,0.020643077,3447
-10671.119,214.8749,0.020471591,3451
-10671.095,59.1196,0.020300089,3455
-10671.098,-96.6351,0.020128622,3460
-10671.128,-252.3893,0.01995712,3464
-10671.185,-408.143,0.019785654,3468
-10671.268,-563.8961,0.019614154,3472
-10671.378,-719.6486,0.019442672,3475
-10671.515,-875.4006,0.019271191,3480
-10671.679,-1031.152,0.019099692,3483
-10671.869,-1186.9028,0.018928212,3488
-10672.086,-1342.6531,0.018756732,3492
-10672.329,-1498.4027,0.018585235,3495
-10672.6,-1654.1518,0.018413756,3499
-10672.897,-1809.9003,0.018242278,3503
-10673.221,-1965.6483,0.018070783,3507
-10673.571,-2121.3956,0.017899306,3511
-10673.948,-2277.1423,0.017727812,3516
-10674.352,-2432.8884,0.017556319,3519
-10674.783,-2588.6339,0.017384844,3523
-10675.24,-2744.3787,0.017213351,3528
-10675.724,-2900.123,0.017041877,3531
-10676.235,-3055.8666,0.016870386,3535
-10676.772,-3211.6096,0.016698895,3540
-10677.337,-3367.352,0.016527422,3543
-10677.927,-3523.0937,0.016355915,3548
-10678.545,-3678.8348,0.016184443,3552
-10679.189,-3834.5752,0.016012954,3555
-10679.861,-3990.315,0.015841466,3559
-10680.558,-4146.0541,0.015669978,3564
-10681.283,-4301.7926,0.01549849,3567
-10682.034,-4457.5304,0.015327021,3571
-10682.812,-4613.2675,0.015155534,3575
-10683.616,-4769.0039,0.014984031,3579
-10684.447,-4924.7397,0.014812562,3583
-10685.305,-5080.4748,0.01464106,3587
-10686.19,-5236.2091,0.014469575,3592
-10687.101,-5391.9428,0.014298091,3595
-10688.039,-5547.6758,0.014126607,3600
-10689.004,-5703.4081,0.013955124,3604
-10689.996,-5859.1397,0.013783641,3607
-10691.014,-6014.8706,0.013612141,3612
-10692.059,-6170.6007,0.013440676,3615
-10693.13,-6326.3302,0.013269177,3619
-10694.229,-6482.0589,0.013097696,3624
-10695.354,-6637.7868,0.012926215,3628
-10696.505,-6793.5141,0.012754717,3632
-10697.684,-6949.2406,0.012583237,3636
-10698.889,-7104.9663,0.01241174,3640
-10700.121,-7260.6913,0.01224026,3643
-10701.379,-7416.4156,0.012068781,3648
-10702.664,-7572.139,0.011897285,3652
-10703.976,-7727.8618,0.011725806,3655
-10705.315,-7883.5837,0.011554311,3660
-10706.68,-8039.3049,0.011382833,3664
-10708.072,-8195.0253,0.011211356,3667
-10709.491,-8350.745,0.011039862,3671
-10710.936,-8506.4638,0.010868385,3675
-10712.408,-8662.1818,0.010696891,3680
-10713.907,-8817.8991,0.010525398,3684
-10715.433,-8973.6156,0.010353922,3688
-10716.985,-9129.3312,0.010182429,3691
-10718.564,-9285.046,0.010010954,3695
-10720.17,-9440.7601,0.009839462,3699
-10721.802,-9596.4733,0.0096679705,3704
-10723.461,-9752.1857,0.009496496,3708
-10725.147,-9907.8972,0.0093250047,3711
-10726.859,-10063.608,0.009153531,3715
-10728.598,-10219.318,0.0089820403,3720
-10730.364,-10375.027,0.0088105329,3723
-10732.156,-10530.735,0.0086390598,3728
-10733.976,-10686.442,0.0084675698,3731
-10735.821,-10842.149,0.0082960804,3735
-10737.694,-10997.855,0.0081246079,3740
-10739.593,-11153.559,0.0079531189,3744
-10741.519,-11309.263,0.00778163,3748
-10743.472,-11464.966,0.0076101412,3751
-10745.451,-11620.668,0.0074386529,3755
-10747.457,-11776.37,0.0072671816,3759
-10749.49,-11932.07,0.0070956767,3763
-10751.549,-12087.77,0.0069242059,3768
-10753.635,-12243.468,0.0067527182,3772
-10755.748,-12399.166,0.0065812309,3776
-10757.888,-12554.863,0.0064097437,3780
-10760.054,-12710.559,0.0062382566,3784
-10762.247,-12866.254,0.0060667867,3788
-10764.466,-13021.948,0.0058952831,3791
-10766.712,-13177.641,0.0057237966,3795
-10768.985,-13333.333,0.0055523104,3799
-10771.285,-13489.024,0.0053808241,3803
-10773.611,-13644.715,0.0052093552,3808
-10775.964,-13800.404,0.0050378524,3811
-10778.344,-13956.093,0.0048663667,3815
-10780.75,-14111.78,0.004694881,3819
-10783.183,-14267.467,0.0045233957,3823
-10785.643,-14423.152,0.0043519275,3828
-10788.129,-14578.837,0.0041804252,3831
-10790.643,-14734.52,0.0040089403,3835
-10793.182,-14890.203,0.0038374553,3840
-10795.749,-15045.885,0.0036659705,3843
-10798.342,-15201.566,0.0034944858,3847
-10800.962,-15357.245,0.0033230012,3852
-10803.609,-15512.924,0.0031514997,3856
-10806.282,-15668.602,0.0029800323,3859
-10808.982,-15824.278,0.002808531,3864
-10811.708,-15979.954,0.0026370468,3868
-10814.461,-16135.629,0.0024655627,3872
-10817.241,-16291.303,0.0022940785,3876
-10820.048,-16446.975,0.0021225945,3880
-10822.881,-16602.647,0.0019511106,3884
-10825.741,-16758.318,0.0017796097,3888
-10828.628,-16913.987,0.0016081429,3892
-10831.541,-17069.656,0.0014366421,3896
-10834.481,-17225.323,0.0012651753,3900
-10837.448,-17380.99,0.0010936746,3904
-10840.442,-17536.655,0.00092219092,3908
-10843.462,-17692.32,0.00075070728,3912
-10846.508,-17847.983,0.00057922365,3916
-10849.582,-18003.645,0.00040774003,3919
-10852.682,-18159.306,0.00023625644,3924
-10855.809,-18314.966,6.4755802e-05,3928
-10858.962,-18470.625,-0.00010671075,4614
-10862.142,-18626.283,-0.00027821138,4610
-10865.349,-18781.94,-0.00044967794,4606
-10868.583,-18937.596,-0.00062117859,4601
-10871.843,-19093.251,-0.00079266224,4598
-10875.13,-19248.904,-0.00096414588,4594
-10878.443,-19404.557,-0.0011356466,4590
-10881.783,-19560.208,-0.0013071133,4586
-10885.15,-19715.858,-0.0014786141,4582
-10888.544,-19871.507,-0.0016500979,4578
-10891.964,-20027.155,-0.0018215817,4573
-10895.411,-20182.802,-0.0019930656,4570
-10898.884,-20338.448,-0.0021645496,4566
-10902.385,-20494.092,-0.0023360336,4562
-10905.912,-20649.736,-0.0025075348,4557
-10909.465,-20805.378,-0.0026790019,4553
-10913.045,-20961.019,-0.0028505031,4549
-10916.652,-21116.659,-0.0030219705,4546
-10920.286,-21272.298,-0.0031934719,4541
-10923.946,-21427.936,-0.0033649565,4537
-10927.633,-21583.572,-0.003536441,4533
-10931.347,-21739.208,-0.0037079257,4530
-10935.087,-21894.842,-0.0038794106,4526
-10938.854,-22050.475,-0.0040508955,4522
-10942.647,-22206.106,-0.0042223806,4517
-10946.468,-22361.737,-0.0043938657,4513
-10950.315,-22517.366,-0.0045653511,4509
-10954.188,-22672.995,-0.0047368535,4505
-10958.089,-22828.621,-0.0049083221,4502
-10962.015,-22984.247,-0.0050798078,4498
-10965.969,-23139.872,-0.0052512937,4493
-10969.949,-23295.495,-0.0054227797,4489
-10973.956,-23451.117,-0.005594283,4485
-10977.99,-23606.738,-0.0057657522,4481
-10982.05,-23762.358,-0.0059372389,4477
-10986.137,-23917.976,-0.0061087255,4474
-10990.251,-24073.593,-0.0062802123,4470
-10994.391,-24229.209,-0.0064516994,4466
-10998.558,-24384.824,-0.0066231867,4462
-11002.751,-24540.437,-0.0067946742,4457
-11006.972,-24696.049,-0.0069661448,4454
-11011.219,-24851.66,-0.0071376326,4449
-11015.492,-25007.27,-0.0073091376,4445
-11019.792,-25162.878,-0.007480609,4441
-11024.119,-25318.485,-0.0076520974,4437
-11028.473,-25474.091,-0.007823569,4433
-11032.853,-25629.695,-0.0079950752,4429
-11037.26,-25785.298,-0.0081665643,4425
-11041.693,-25940.9,-0.0083380367,4421
-11046.154,-26096.501,-0.0085095263,4417
-11050.64,-26252.1,-0.0086809994,4413
-11055.154,-26407.698,-0.0088525064,4409
-11059.694,-26563.295,-0.0090239969,4406
-11064.261,-26718.89,-0.0091954706,4401
-11068.854,-26874.484,-0.0093669615,4398
-11073.474,-27030.077,-0.0095384527,4394
-11078.121,-27185.668,-0.0097099274,4389
-11082.795,-27341.258,-0.0098814191,4385
-11087.495,-27496.847,-0.010052894,4382
-11092.221,-27652.434,-0.010224387,4377
-11096.975,-27808.02,-0.010395879,4373
-11101.755,-27963.604,-0.010567355,4369
-11106.561,-28119.188,-0.010738848,4365
-11111.395,-28274.769,-0.010910325,4361
-11116.255,-28430.35,-0.011081819,4357
-11121.141,-28585.929,-0.011253313,4354
-11126.055,-28741.507,-0.011424791,4349
-11130.995,-28897.083,-0.011596269,4346
-11135.961,-29052.658,-0.011767747,4342
-11140.955,-29208.232,-0.011939243,4337
-11145.975,-29363.804,-0.012110739,4333
-11151.021,-29519.375,-0.012282218,4330
-11156.094,-29674.944,-0.012453698,4326
-11161.194,-29830.512,-0.012625178,4322
-11166.321,-29986.078,-0.012796675,4317
-11171.474,-30141.644,-0.012968173,4314
-11176.654,-30297.207,-0.013139637,4309
-11181.86,-30452.769,-0.013311136,4306
-11187.093,-30608.33,-0.013482635,4301
-11192.353,-30763.89,-0.0136541,4297
-11197.639,-30919.448,-0.0138256,4293
-11202.952,-31075.004,-0.013997066,4290
-11208.292,-31230.559,-0.014168566,4286
-11213.658,-31386.113,-0.014340051,4281
-11219.051,-31541.665,-0.014511535,4278
-11224.471,-31697.215,-0.01468302,4273
-11229.917,-31852.765,-0.014854505,4270
-11235.39,-32008.312,-0.015025991,4266
-11240.889,-32163.858,-0.015197477,4261
-11246.415,-32319.403,-0.015368963,4258
-11251.968,-32474.946,-0.01554045,4253
-11257.548,-32630.488,-0.015711938,4249
-11263.154,-32786.029,-0.015883426,4246
-11268.786,-32941.567,-0.016054914,4242
-11274.446,-33097.105,-0.016226386,4237
-11280.132,-33252.64,-0.016397876,4234
-11285.844,-33408.174,-0.016569365,4230
-11291.584,-33563.707,-0.016740855,4225
-11297.35,-33719.238,-0.016912346,4222
-11303.142,-33874.768,-0.017083821,4218
-11308.961,-34030.296,-0.017255313,4214
-11314.807,-34185.823,-0.017426805,4209
-11320.68,-34341.348,-0.01759828,4206
-11326.579,-34496.871,-0.017769774,4202
-11332.504,-34652.393,-0.017941268,4198
-11338.457,-34807.913,-0.018112728,4193
-11344.436,-34963.432,-0.018284223,4190
-11350.441,-35118.949,-0.018455702,4185
-11356.474,-35274.465,-0.018627198,4182
-11362.532,-35429.979,-0.018798694,4177
-11368.618,-35585.492,-0.018970157,4173
-11374.73,-35741.003,-0.019141655,4169
-11380.869,-35896.512,-0.019313136,4166
-11387.034,-36052.02,-0.019484618,4162
-11393.226,-36207.526,-0.019656117,4157
-11399.445,-36363.03,-0.019827583,4154
-11405.69,-36518.533,-0.019999084,4150
-11411.962,-36674.034,-0.020170568,4146
-11418.261,-36829.534,-0.020342053,4142
-11424.586,-36985.032,-0.020513538,4138
-11430.938,-37140.529,-0.020685024,4133
-11437.316,-37296.023,-0.02085651,4129
-11443.721,-37451.517,-0.021027997,4126
-11450.153,-37607.008,-0.021199485,4121
-11456.611,-37762.498,-0.021370973,4117
-11463.096,-37917.986,-0.021542462,4113
-11469.608,-38073.473,-0.021713935,4109
-11476.146,-38228.958,-0.021885425,4106
-11482.711,-38384.441,-0.022056899,4102
-11489.302,-38539.923,-0.022228391,4098
-11495.92,-38695.403,-0.0223999,4094
-11502.565,-38850.881,-0.022571358,4090
-11509.236,-39006.357,-0.022742852,4086
-11515.934,-39161.832,-0.022914329,4081
-11522.659,-39317.306,-0.023085824,4077
-11529.41,-39472.777,-0.02325732,4074
-11536.188,-39628.247,-0.023428799,4069
-11542.992,-39783.715,-0.023600279,4066
-11549.823,-39939.181,-0.023771776,4062
-11556.681,-40094.646,-0.023943257,4058
-11563.565,-40250.109,-0.02411474,4054
-11570.476,-40405.57,-0.024286222,4050
-11577.413,-40561.03,-0.024457706,4046
-11584.377,-40716.488,-0.024629207,4041
-11591.368,-40871.944,-0.024800675,4038
-11598.385,-41027.398,-0.024972177,4034
-11605.429,-41182.851,-0.025143663,4029
-11612.5,-41338.301,-0.025315133,4026
-11619.597,-41493.75,-0.025486638,4021
-11626.721,-41649.198,-0.02565811,4018
-11633.871,-41804.643,-0.025829599,4013
-11641.048,-41960.087,-0.026001089,4009
-11648.252,-42115.529,-0.026172563,4006
-11655.482,-42270.969,-0.026344055,4002
-11662.739,-42426.408,-0.026515547,3997
-11670.022,-42581.844,-0.026687023,3993
-11677.333,-42737.279,-0.026858517,3989
-11684.669,-42892.712,-0.027030012,3986
-11692.032,-43048.144,-0.02720149,3981
-11699.422,-43203.573,-0.027372986,3977
-11706.839,-43359.001,-0.027544449,3973
-11714.282,-43514.427,-0.027715947,3969
-11721.752,-43669.851,-0.027887446,3966
-11729.248,-43825.273,-0.028058911,3962
-11736.771,-43980.693,-0.028230411,3958
-11744.32,-44136.112,-0.028401896,3953
-11751.897,-44291.529,-0.028573381,3950
-11759.499,-44446.943,-0.028744867,3945
-11767.129,-44602.356,-0.028916337,3941
-11774.785,-44757.768,-0.029087824,3937
-11782.467,-44913.177,-0.029259329,3934
-11790.176,-45068.584,-0.029430802,3930
-11422.14,44711.325,0.069430809,2309
-11414.477,44555.544,0.069259321,2314
-11406.841,44399.762,0.06908782,2318
-11399.231,44243.98,0.068916354,2321
-11391.648,44088.196,0.068744874,2326
-11384.092,43932.412,0.068573379,2330
-11376.563,43776.627,0.068401885,2334
-11369.06,43620.842,0.068230409,2337
-11361.585,43465.055,0.068058919,2341
-11354.136,43309.268,0.067887432,2346
-11346.713,43153.48,0.067715946,2350
-11339.318,42997.691,0.067544446,2354
-11331.949,42841.902,0.067372981,2357
-11324.607,42686.112,0.067201501,2361
-11317.292,42530.321,0.067030006,2365
-11310.004,42374.53,0.066858514,2370
-11302.742,42218.737,0.066687023,2374
-11295.507,42062.944,0.066515534,2378
-11288.299,41907.151,0.066344047,2381
-11281.118,41751.356,0.066172563,2385
-11273.963,41595.561,0.066001096,2390
-11266.836,41439.766,0.065829616,2394
-11259.735,41283.969,0.065658119,2397
-11252.661,41128.172,0.065486625,2401
-11245.613,40972.374,0.065315149,2405
-11238.593,40816.576,0.065143659,2410
-11231.599,40660.777,0.06497217,2414
-11224.631,40504.977,0.064800701,2418
-11217.691,40349.177,0.064629198,2421
-11210.778,40193.376,0.064457717,2426
-11203.891,40037.574,0.064286235,2430
-11197.031,39881.772,0.064114739,2434
-11190.198,39725.969,0.063943245,2437
-11183.391,39570.165,0.06377177,2441
-11176.611,39414.361,0.063600296,2445
-11169.858,39258.556,0.063428809,2449
-11163.132,39102.751,0.063257322,2454
-11156.433,38946.944,0.063085819,2458
-11149.76,38791.138,0.062914336,2462
-11143.114,38635.33,0.062742856,2465
-11136.495,38479.523,0.062571376,2469
-11129.903,38323.714,0.062399898,2473
-11123.337,38167.905,0.062228406,2477
-11116.799,38012.095,0.062056916,2482
-11110.287,37856.285,0.061885426,2485
-11103.801,37700.474,0.061713939,2489
-11097.343,37544.663,0.061542471,2493
-11090.911,37388.851,0.06137097,2498
-11084.506,37233.038,0.061199489,2502
-11078.128,37077.225,0.061027991,2506
-11071.777,36921.412,0.060856513,2510
-11065.452,36765.598,0.06068502,2513
-11059.154,36609.783,0.060513546,2518
-11052.883,36453.967,0.060342055,2522
-11046.639,36298.152,0.060170567,2526
-11040.421,36142.335,0.059999081,2530
-11034.23,35986.518,0.059827596,2533
-11028.066,35830.701,0.059656096,2538
-11021.929,35674.883,0.059484632,2542
-11015.819,35519.065,0.059313137,2546
-11009.735,35363.246,0.059141659,2549
-11003.678,35207.427,0.058970166,2554
-10997.648,35051.607,0.058798675,2558
-10991.645,34895.786,0.058627202,2562
-10985.668,34739.965,0.058455715,2565
-10979.718,34584.144,0.058284229,2569
-10973.795,34428.322,0.058112727,2574
-10967.898,34272.5,0.057941245,2577
-10962.029,34116.677,0.057769782,2582
-10956.186,33960.854,0.057598286,2586
-10950.37,33805.03,0.057426791,2590
-10944.581,33649.206,0.057255298,2594
-10938.818,33493.381,0.057083823,2598
-10933.083,33337.556,0.056912352,2602
-10927.374,33181.73,0.056740847,2606
-10921.692,33025.904,0.05656936,2610
-10916.036,32870.078,0.056397876,2614
-10910.407,32714.251,0.056226393,2617
-10904.806,32558.424,0.056054913,2622
-10899.23,32402.596,0.055883433,2626
-10893.682,32246.768,0.055711938,2630
-10888.16,32090.94,0.055540445,2633
-10882.666,31935.111,0.055368954,2637
-10877.198,31779.282,0.055197481,2641
-10871.756,31623.452,0.055025992,2645
-10866.342,31467.622,0.054854505,2650
-10860.954,31311.791,0.05468302,2653
-10855.593,31155.96,0.054511536,2657
-10850.259,31000.129,0.054340055,2661
-10844.951,30844.297,0.054168558,2665
-10839.671,30688.465,0.053997079,2670
-10834.417,30532.633,0.053825585,2674
-10829.19,30376.8,0.053654109,2678
-10823.989,30220.967,0.053482618,2681
-10818.816,30065.134,0.053311129,2686
-10813.669,29909.3,0.053139641,2690
-10808.549,29753.466,0.052968171,2693
-10803.455,29597.632,0.052796686,2698
-10798.388,29441.797,0.052625186,2701
-10793.349,29285.962,0.052453705,2705
-10788.336,29130.126,0.052282207,2710
-10783.349,28974.29,0.05211073,2714
-10778.39,28818.454,0.051939252,2718
-10773.457,28662.618,0.051767759,2722
-10768.551,28506.781,0.051596269,2726
-10763.672,28350.944,0.051424797,2729
-10758.819,28195.107,0.051253308,2734
-10753.994,28039.27,0.051081821,2738
-10749.195,27883.432,0.05091032,2742
-10744.423,27727.594,0.050738853,2746
-10739.677,27571.755,0.050567354,2749
-10734.958,27415.917,0.050395873,2754
-10730.266,27260.078,0.050224378,2757
-10725.601,27104.238,0.0500529,2761
-10720.963,26948.399,0.049881424,2765
-10716.351,26792.559,0.049709932,2769
-10711.766,26636.719,0.049538442,2774
-10707.208,26480.879,0.04936697,2778
-10702.677,26325.039,0.049195466,2781
-10698.173,26169.198,0.04902398,2786
-10693.695,26013.357,0.048852496,2790
-10689.244,25857.516,0.048681013,2794
-10684.819,25701.675,0.048509531,2797
-10680.422,25545.833,0.048338034,2801
-10676.051,25389.991,0.048166555,2806
-10671.707,25234.149,0.047995078,2810
-10667.39,25078.307,0.047823584,2814
-10663.099,24922.464,0.047652094,2817
-10658.836,24766.622,0.04748062,2821
-10654.599,24610.779,0.047309132,2826
-10650.388,24454.936,0.047137644,2829
-10646.205,24299.093,0.046966142,2834
-10642.048,24143.25,0.046794674,2837
-10637.918,23987.406,0.046623191,2841
-10633.815,23831.562,0.046451692,2846
-10629.739,23675.719,0.046280212,2850
-10625.689,23519.875,0.046108733,2853
-10621.666,23364.03,0.045937238,2857
-10617.67,23208.186,0.045765744,2861
-10613.701,23052.342,0.04559427,2865
-10609.758,22896.497,0.045422779,2870
-10605.842,22740.652,0.045251289,2873
-10601.953,22584.808,0.045079801,2877
-10598.091,22428.963,0.044908331,2881
-10594.255,22273.118,0.044736846,2886
-10590.447,22117.272,0.044565345,2889
-10586.664,21961.427,0.044393879,2894
-10582.909,21805.582,0.04422238,2897
-10579.181,21649.736,0.0440509,2901
-10575.479,21493.891,0.043879404,2905
-10571.804,21338.045,0.043707927,2910
-10568.155,21182.199,0.043536433,2914
-10564.534,21026.353,0.043364942,2918
-10560.939,20870.507,0.043193468,2921
-10557.371,20714.661,0.043021978,2925
-10553.83,20558.815,0.04285049,2929
-10550.315,20402.969,0.042679003,2933
-10546.827,20247.123,0.042507534,2938
-10543.367,20091.276,0.042336033,2941
-10539.932,19935.43,0.042164549,2945
-10536.525,19779.584,0.041993068,2950
-10533.144,19623.737,0.041821586,2954
-10529.79,19467.891,0.04165009,2958
-10526.463,19312.044,0.041478612,2962
-10523.162,19156.198,0.041307118,2965
-10519.889,19000.351,0.041135625,2970
-10516.642,18844.504,0.040964133,2974
-10513.422,18688.658,0.04079266,2977
-10510.228,18532.811,0.040621171,2981
-10507.061,18376.965,0.040449682,2985
-10503.921,18221.118,0.040278212,2989
-10500.808,18065.271,0.040106726,2993
-10497.722,17909.425,0.039935225,2998
-10494.662,17753.578,0.039763759,3002
-10491.629,17597.732,0.039592259,3005
-10488.623,17441.885,0.039420778,3009
-10485.644,17286.039,0.039249298,3013
-10482.691,17130.192,0.039077802,3017
-10479.765,16974.346,0.038906307,3021
-10476.866,16818.499,0.038734849,3025
-10473.993,16662.653,0.038563356,3029
-10471.147,16506.807,0.038391865,3034
-10468.329,16350.96,0.038220375,3038
-10465.536,16195.114,0.038048886,3042
-10462.771,16039.268,0.037877398,3045
-10460.032,15883.422,0.037705911,3050
-10457.32,15727.576,0.037534442,3054
-10454.635,15571.73,0.037362941,3057
-10451.977,15415.884,0.037191457,3061
-10449.345,15260.039,0.037019975,3066
-10446.74,15104.193,0.036848494,3070
-10444.162,14948.347,0.036676997,3073
-10441.611,14792.502,0.036505517,3078
-10439.086,14636.656,0.036334023,3082
-10436.588,14480.811,0.036162545,3086
-10434.117,14324.966,0.035991069,3090
-10431.672,14169.121,0.035819578,3094
-10429.254,14013.276,0.035648087,3097
-10426.864,13857.432,0.035476614,3102
-10424.499,13701.587,0.035305108,3105
-10422.162,13545.742,0.035133621,3109
-10419.851,13389.898,0.034962151,3113
-10417.567,13234.054,0.034790649,3117
-10415.31,13078.21,0.034619164,3122
-10413.08,12922.366,0.034447697,3126
-10410.876,12766.522,0.034276198,3130
-10408.699,12610.678,0.034104699,3134
-10406.549,12454.835,0.033933236,3137
-10404.425,12298.992,0.033761739,3141
-10402.328,12143.149,0.033590243,3146
-10400.258,11987.306,0.033418782,3149
-10398.215,11831.463,0.033247289,3153
-10396.199,11675.621,0.033075796,3158
-10394.209,11519.779,0.032904321,3162
-10392.246,11363.936,0.032732831,3165
-10390.31,11208.094,0.032561341,3170
-10388.4,11052.253,0.032389852,3174
-10386.517,10896.411,0.032218365,3177
-10384.661,10740.57,0.032046895,3181
-10382.832,10584.729,0.031875392,3186
-10381.029,10428.888,0.031703907,3190
-10379.254,10273.048,0.03153244,3193
-10377.504,10117.207,0.03136094,3198
-10375.782,9961.3673,0.031189457,3201
-10374.086,9805.5275,0.031017976,3206
-10372.418,9649.6879,0.030846478,3210
-10370.775,9493.8486,0.030674999,3214
-10369.16,9338.0095,0.03050352,3217
-10367.572,9182.1707,0.030332025,3221
-10366.01,9026.3322,0.030160532,3226
-10364.475,8870.4939,0.029989056,3230
-10362.966,8714.6559,0.029817564,3233
-10361.484,8558.8183,0.029646073,3237
-10360.03,8402.9809,0.0294746,3242
-10358.601,8247.1437,0.02930311,3245
-10357.2,8091.3069,0.029131638,3250
-10355.825,7935.4704,0.028960133,3254
-10354.477,7779.6342,0.028788646,3258
-10353.156,7623.7983,0.028617177,3262
-10351.861,7467.9628,0.028445675,3266
-10350.594,7312.1275,0.02827419,3270
-10349.353,7156.2926,0.028102707,3273
-10348.138,7000.458,0.027931224,3278
-10346.951,6844.6237,0.027759726,3281
-10345.79,6688.7898,0.027588262,3286
-10344.656,6532.9562,0.027416764,3289
-10343.549,6377.123,0.027245285,3293
-10342.468,6221.2901,0.027073789,3297
-10341.414,6065.4576,0.026902294,3301
-10340.387,5909.6254,0.026730834,3305
-10339.387,5753.7936,0.026559341,3310
-10338.413,5597.9622,0.026387848,3314
-10337.466,5442.1311,0.026216373,3318
-10336.546,5286.3005,0.026044882,3322
-10335.652,5130.4702,0.025873375,3326
-10334.786,4974.6403,0.025701902,3329
-10333.946,4818.8108,0.025530414,3334
-10333.132,4662.9817,0.025358943,3338
-10332.346,4507.153,0.025187456,3342
-10331.586,4351.3247,0.025015952,3345
-10330.853,4195.4968,0.024844483,3350
-10330.147,4039.6693,0.024672982,3354
-10329.467,3883.8423,0.024501497,3357
-10328.814,3728.0157,0.024330014,3361
-10328.188,3572.1895,0.024158531,3366
-10327.589,3416.3638,0.023987048,3370
-10327.016,3260.5385,0.023815567,3374
-10326.47,3104.7136,0.023644069,3378
-10325.951,2948.8892,0.02347259,3381
-10325.459,2793.0652,0.023301093,3385
-10324.993,2637.2417,0.023129614,3390
-10324.554,2481.4187,0.022958136,3394
-10324.142,2325.5961,0.022786642,3397
-10323.756,2169.774,0.022615165,3402
-10323.397,2013.9524,0.022443672,3406
-10323.065,1858.1312,0.02227218,3410
-10322.76,1702.3106,0.022100705,3413
-10322.481,1546.4904,0.021929214,3417
-10322.229,1390.6707,0.02175774,3421
-10322.004,1234.8516,0.021586251,3426
-10321.806,1079.0329,0.021414745,3429
-10321.634,923.2147,0.021243273,3433
-10321.489,767.3971,0.021071785,3437
-10321.371,611.58,0.020900298,3442
-10321.279,455.7633,0.020728811,3446
-10321.214,299.9473,0.020557325,3450
-10321.176,144.1317,0.020385857,3453
-10321.165,-11.6833,0.020214355,3457
-10321.18,-167.4978,0.020042871,3462
-10321.222,-323.3117,0.019871387,3466
-10321.291,-479.1251,0.019699904,3470
-10321.387,-634.9379,0.019528422,3474
-10321.509,-790.7501,0.019356923,3478
-10321.658,-946.5618,0.019185441,3482
-10321.834,-1102.373,0.019013961,3486
-10322.036,-1258.1835,0.018842463,3490
-10322.265,-1413.9935,0.018671001,3493
-10322.521,-1569.8029,0.018499504,3498
-10322.804,-1725.6117,0.018328009,3501
-10323.113,-1881.4199,0.018156531,3505
-10323.449,-2037.2276,0.017985036,3510
-10323.812,-2193.0346,0.017813559,3514
-10324.201,-2348.841,0.017642066,3517
-10324.618,-2504.6468,0.017470573,3521
-10325.061,-2660.452,0.017299097,3525
-10325.53,-2816.2566,0.017127605,3529
-10326.027,-2972.0605,0.016956114,3533
-10326.55,-3127.8639,0.01678464,3537
-10327.1,-3283.6666,0.01661315,3541
-10327.676,-3439.4686,0.016441677,3545
-10328.279,-3595.27,0.016270187,3549
-10328.909,-3751.0708,0.016098681,3554
-10329.566,-3906.8709,0.01592721,3557
-10330.249,-4062.6704,0.015755722,3562
-10330.96,-4218.4692,0.015584251,3565
-10331.696,-4374.2673,0.015412747,3569
-10332.46,-4530.0648,0.01524126,3573
-10333.25,-4685.8616,0.015069791,3577
-10334.067,-4841.6577,0.014898288,3581
-10334.911,-4997.4531,0.01472682,3585
-10335.781,-5153.2479,0.014555318,3589
-10336.678,-5309.0419,0.014383833,3593
-10337.602,-5464.8353,0.014212349,3597
-10338.553,-5620.6279,0.014040865,3602
-10339.53,-5776.4199,0.013869382,3606
-10340.534,-5932.2111,0.0136979,3610
-10341.565,-6088.0016,0.0135264,3613
-10342.622,-6243.7914,0.013354918,3617
-10343.707,-6399.5805,0.013183436,3622
-10344.817,-6555.3689,0.013011955,3626
-10345.955,-6711.1565,0.012840457,3629
-10347.119,-6866.9434,0.012668977,3633
-10348.31,-7022.7295,0.012497497,3638
-10349.528,-7178.5149,0.012326,3641
-10350.772,-7334.2996,0.01215452,3646
-10352.044,-7490.0834,0.011983041,3650
-10353.342,-7645.8666,0.011811563,3653
-10354.666,-7801.6489,0.011640067,3657
-10356.017,-7957.4305,0.011468572,3661
-10357.395,-8113.2113,0.011297094,3666
-10358.8,-8268.9914,0.0111256,3669
-10360.231,-8424.7706,0.010954123,3673
-10361.69,-8580.5491,0.01078263,3678
-10363.174,-8736.3267,0.010611136,3682
-10364.686,-8892.1036,0.01043966,3685
-10366.224,-9047.8797,0.010268167,3690
-10367.789,-9203.6549,0.010096692,3694
-10369.381,-9359.4294,0.0099251997,3698
-10370.999,-9515.203,0.0097537078,3702
-10372.644,-9670.9759,0.0095822331,3705
-10374.316,-9826.7478,0.0094107417,3710
-10376.014,-9982.519,0.0092392679,3713
-10377.74,-10138.289,0.0090677771,3717
-10379.492,-10294.059,0.0088962865,3721
-10381.27,-10449.827,0.0087248133,3725
-10383.075,-10605.595,0.0085533062,3730
-10384.907,-10761.362,0.0083818336,3733
-10386.766,-10917.128,0.008210344,3737
-10388.651,-11072.894,0.0080388719,3742
-10390.564,-11228.658,0.0078673829,3745
-10392.502,-11384.421,0.007695877,3750
-10394.468,-11540.184,0.0075244055,3754
-10396.46,-11695.946,0.0073529172,3757
-10398.479,-11851.707,0.0071814291,3761
-10400.525,-12007.467,0.0070099411,3766
-10402.597,-12163.226,0.0068384535,3770
-10404.696,-12318.984,0.006666983,3774
-10406.822,-12474.741,0.0064954787,3777
-10408.974,-12630.497,0.0063240087,3781
-10411.154,-12786.253,0.0061525217,3785
-10413.359,-12942.007,0.0059810178,3789
-10415.592,-13097.761,0.0058095483,3793
-10417.851,-13253.514,0.005638045,3797
-10420.137,-13409.265,0.0054665758,3801
-10422.45,-13565.016,0.0052950896,3805
-10424.789,-13720.766,0.0051236037,3809
-10427.155,-13876.515,0.004952118,3813
-10429.548,-14032.263,0.0047806153,3817
-10431.967,-14188.01,0.0046091469,3822
-10434.413,-14343.756,0.0044376616,3826
-10436.886,-14499.501,0.0042661763,3830
-10439.386,-14655.246,0.0040946912,3833
-10441.912,-14810.989,0.0039231892,3838
-10444.465,-14966.731,0.0037517214,3841
-10447.044,-15122.472,0.0035802196,3845
-10449.651,-15278.212,0.003408752,3849
-10452.284,-15433.952,0.0032372504,3854
-10454.943,-15589.69,0.003065766,3857
-10457.63,-15745.427,0.0028942817,3862
-10460.343,-15901.163,0.0027227974,3866
-10463.083,-16056.899,0.0025513132,3870
-10465.849,-16212.633,0.0023798291,3873
-10468.642,-16368.366,0.0022083451,3878
-10471.462,-16524.098,0.0020368611,3882
-10474.309,-16679.829,0.0018653601,3886
-10477.182,-16835.56,0.0016938933,3890
-10480.082,-16991.289,0.0015223925,3893
-10483.008,-17147.017,0.0013509087,3898
-10485.962,-17302.744,0.001179425,3902
-10488.942,-17458.47,0.0010079242,3906
-10491.948,-17614.195,0.00083645762,3910
-10494.982,-17769.919,0.00066495694,3913
-10498.042,-17925.641,0.00049349036,3918
-10501.129,-18081.363,0.00032198971,3922
-10504.242,-18237.084,0.00015052316,3926
-10507.382,-18392.803,-2.0977472e-05,4615
-10510.549,-18548.522,-0.00019246106,4612
-10513.742,-18704.239,-0.00036394466,4608
-10516.963,-18859.956,-0.00053544531,4604
-10520.209,-19015.671,-0.00070691189,4599
-10523.483,-19171.385,-0.00087841258,4595
-10526.783,-19327.098,-0.0010498963,4592
-10530.11,-19482.81,-0.0012213799,4588
-10533.464,-19638.521,-0.0013928637,4584
-10536.844,-19794.23,-0.0015643475,4580
-10540.251,-19949.939,-0.0017358313,4575
-10543.685,-20105.646,-0.0019073152,4571
-10547.145,-20261.353,-0.0020787991,4568
-10550.632,-20417.058,-0.0022503001,4563
-10554.146,-20572.762,-0.0024217671,4560
-10557.686,-20728.465,-0.0025932683,4556
-10561.253,-20884.166,-0.0027647525,4551
-10564.847,-21039.867,-0.0029362368,4548
-10568.467,-21195.567,-0.0031077382,4544
-10572.115,-21351.265,-0.0032792057,4539
-10575.788,-21506.962,-0.0034507072,4535
-10579.489,-21662.658,-0.0036221749,4532
-10583.216,-21818.353,-0.0037936597,4527
-10586.97,-21974.046,-0.0039651615,4524
-10590.75,-22129.738,-0.0041366295,4520
-10594.558,-22285.43,-0.0043081317,4515
-10598.391,-22441.12,-0.0044795998,4511
-10602.252,-22596.808,-0.0046511023,4507
-10606.139,-22752.496,-0.0048225707,4503
-10610.053,-22908.182,-0.0049940735,4499
-10613.994,-23063.868,-0.0051655593,4495
-10617.961,-23219.552,-0.0053370282,4491
-10621.955,-23375.234,-0.0055085313,4488
-10625.975,-23530.916,-0.0056800006,4483
-10630.023,-23686.596,-0.0058515041,4480
-10634.097,-23842.275,-0.0060229906,4475
-10638.197,-23997.953,-0.0061944603,4471
-10642.325,-24153.629,-0.0063659644,4467
-10646.478,-24309.305,-0.0065374345,4463
-10650.659,-24464.979,-0.0067089219,4460
-10654.867,-24620.651,-0.0068804094,4455
-10659.101,-24776.323,-0.0070518972,4451
-10663.361,-24931.993,-0.0072233851,4447
-10667.648,-25087.662,-0.0073948732,4444
-10671.962,-25243.33,-0.0075663617,4439
-10676.303,-25398.996,-0.0077378333,4435
-10680.671,-25554.661,-0.007909322,4431
-10685.065,-25710.325,-0.0080808282,4427
-10689.485,-25865.988,-0.0082523005,4423
-10693.933,-26021.649,-0.00842379,4419
-10698.406,-26177.309,-0.0085952628,4415
-10702.907,-26332.968,-0.0087667528,4411
-10707.435,-26488.625,-0.0089382431,4408
-10711.989,-26644.281,-0.0091097336,4403
-10716.569,-26799.935,-0.0092812245,4399
-10721.177,-26955.589,-0.0094526987,4396
-10725.811,-27111.241,-0.0096241901,4392
-10730.471,-27266.892,-0.0097956818,4387
-10735.159,-27422.541,-0.0099671566,4384
-10739.873,-27578.189,-0.010138649,4380
-10744.613,-27733.836,-0.010310124,4375
-10749.381,-27889.481,-0.010481617,4371
-10754.175,-28045.125,-0.010653093,4367
-10758.995,-28200.767,-0.010824587,4363
-10763.843,-28356.409,-0.010996081,4359
-10768.717,-28512.048,-0.011167558,4355
-10773.617,-28667.687,-0.011339052,4351
-10778.545,-28823.324,-0.01151053,4348
-10783.499,-28978.959,-0.011682025,4344
-10788.479,-29134.594,-0.011853504,4339
-10793.487,-29290.227,-0.012024982,4335
-10798.521,-29445.858,-0.012196478,4331
-10803.581,-29601.488,-0.012367958,4328
-10808.668,-29757.117,-0.012539455,4323
-10813.782,-29912.744,-0.012710935,4319
-10818.923,-30068.37,-0.012882415,4315
-10824.09,-30223.994,-0.013053914,4312
-10829.284,-30379.617,-0.013225378,4308
-10834.504,-30535.239,-0.013396877,4303
-10839.752,-30690.859,-0.013568376,4300
-10845.026,-30846.478,-0.013739841,4295
-10850.326,-31002.095,-0.013911341,4291
-10855.653,-31157.711,-0.014082808,4288
-10861.007,-31313.325,-0.014254309,4284
-10866.388,-31468.938,-0.014425793,4280
-10871.795,-31624.549,-0.014597277,4275
-10877.229,-31780.159,-0.014768762,4272
-10882.689,-31935.768,-0.014940248,4268
-10888.176,-32091.375,-0.015111734,4264
-10893.69,-32246.98,-0.01528322,4259
-10899.23,-32402.584,-0.015454707,4256
-10904.797,-32558.186,-0.015626194,4251
-10910.391,-32713.787,-0.015797665,4248
-10916.011,-32869.387,-0.01596917,4244
-10921.658,-33024.985,-0.016140659,4240
-10927.332,-33180.582,-0.016312131,4235
-10933.032,-33336.177,-0.01648362,4232
-10938.759,-33491.77,-0.016655093,4228
-10944.513,-33647.362,-0.016826601,4224
-10950.293,-33802.952,-0.016998092,4220
-10956.1,-33958.541,-0.017169566,4216
-10961.933,-34114.129,-0.017341059,4211
-10967.794,-34269.714,-0.017512534,4207
-10973.681,-34425.299,-0.017684027,4204
-10979.594,-34580.881,-0.017855521,4200
-10985.534,-34736.463,-0.018026998,4196
-10991.501,-34892.042,-0.018198476,4191
-10997.494,-35047.62,-0.018369954,4188
-11003.514,-35203.196,-0.018541449,4183
-11009.561,-35358.771,-0.018712946,4180
-11015.634,-35514.345,-0.018884426,4176
-11021.734,-35669.916,-0.019055906,4171
-11027.861,-35825.486,-0.019227387,4167
-11034.014,-35981.055,-0.019398885,4164
-11040.194,-36136.622,-0.019570367,4160
-11046.4,-36292.187,-0.01974185,4155
-11052.634,-36447.751,-0.019913333,4152
-11058.894,-36603.313,-0.020084834,4148
-11065.18,-36758.874,-0.020256302,4144
-11071.493,-36914.433,-0.020427803,4140
-11077.833,-37069.99,-0.020599272,4135
-11084.199,-37225.546,-0.020770775,4132
-11090.592,-37381.099,-0.020942262,4127
-11097.012,-37536.652,-0.021113732,4124
-11103.458,-37692.203,-0.021285238,4120
-11109.931,-37847.752,-0.021456709,4115
-11116.431,-38003.299,-0.021628198,4111
-11122.957,-38158.845,-0.021799688,4107
-11129.51,-38314.389,-0.021971162,4104
-11136.089,-38469.931,-0.022142654,4099
-11142.695,-38625.472,-0.022314145,4095
-11149.328,-38781.011,-0.022485621,4092
-11155.987,-38936.549,-0.022657114,4088
-11162.673,-39092.084,-0.022828591,4083
-11169.386,-39247.618,-0.023000085,4080
-11176.125,-39403.151,-0.02317158,4076
-11182.891,-39558.681,-0.023343059,4071
-11189.683,-39714.21,-0.023514539,4067
-11196.502,-39869.738,-0.023686019,4064
-11203.348,-40025.263,-0.023857517,4059
-11210.22,-40180.787,-0.024028998,4056
-11217.12,-40336.309,-0.024200481,4052
-11224.045,-40491.83,-0.024371981,4048
-11230.997,-40647.348,-0.024543465,4044
-11237.976,-40802.865,-0.024714949,4040
-11244.982,-40958.38,-0.024886434,4035
-11252.014,-41113.894,-0.025057903,4032
-11259.073,-41269.406,-0.025229407,4027
-11266.158,-41424.915,-0.025400894,4024
-11273.27,-41580.424,-0.025572365,4019
-11280.409,-41735.93,-0.025743855,4015
-11287.574,-41891.435,-0.025915344,4011
-11294.766,-42046.938,-0.026086834,4008
-11301.984,-42202.439,-0.026258326,4003
-11309.229,-42357.938,-0.0264298,3999
-11316.501,-42513.436,-0.026601293,3995
-11323.8,-42668.931,-0.026772787,3991
-11331.124,-42824.425,-0.026944247,3987
-11338.476,-42979.918,-0.027115742,3983
-11345.854,-43135.408,-0.027287238,3979
-11353.259,-43290.896,-0.027458718,3976
-11360.691,-43446.383,-0.027630199,3972
-11368.149,-43601.868,-0.027801697,3968
-11375.633,-43757.351,-0.027973178,3964
-11383.145,-43912.833,-0.028144662,3959
-11390.683,-44068.312,-0.028316145,3955
-11398.247,-44223.79,-0.02848763,3951
-11405.838,-44379.266,-0.028659133,3948
-11413.456,-44534.739,-0.028830602,3943
-11421.101,-44690.212,-0.029002088,3940
-11428.772,-44845.682,-0.029173577,3935
-11436.469,-45001.15,-0.029345066,3931
